0.004917 0.582150054931898 0.004917 3.33957 -30 0 0 0.0259609
0.009833 0.493371348934217 0.009833 0.237572 -29.9 0 0 0.0299609
0.01475 0.362546571765038 0.01475 0.16665 -29.8 0 3.905 0.0242876
0.019666 0.262465319677377 0.019666 0.121645 -29.7 0 3.905 0.0282876
0.02458 0.189738554801721 0.02458 0.0906149 -29.6 0 7.81 0.0217497
0.029495 0.138300447019712 0.029495 0.0682177 -29.5 0 7.81 0.0257497
0.034409 0.102101909229862 0.034409 0.054424 -29.4 0 11.75 0.0148936
0.03932 0.0741436527803483 0.03932 0.0436845 -29.3 0 11.75 0.0188936
0.044232 0.0488157050459992 0.044232 0.03319 -29.2 0 15.72 0.00347627745
0.049141 0.0308886720720501 0.049141 0.0250181 -29.1 0 15.72 0.00747627745
0.054048 0.0216021040339527 0.054048 0.0202084 -29 0 19.69 -0.00199432255
0.058954 0.0167616823549388 0.058954 0.0172775 -28.9 0 19.69 0.00200567745
0.063859 0.013946392970752 0.063859 0.0154751 -28.8 0 0 0.026
0.068759 0.0121187801823165 0.068759 0.0139314 -28.7 0 0 0.03
0.073659 0.0108153686284178 0.073659 0.0129065 -28.6 0 3.905 0.026
0.078557 0.00981569568726743 0.078557 0.011898 -28.5 0 3.905 0.03
0.08345 0.0090058365937257 0.08345 0.0110068 -28.4 0 7.81 0.02575815
0.088342 0.00832194819342622 0.088342 0.0101918 -28.3 0 7.81 0.02975815
0.093231 0.00772740839043861 0.093231 0.00948826 -28.2 0 11.75 0.01839305
0.098115 0.00719960808997335 0.098115 0.00878546 -28.1 0 11.75 0.02239305
0.102997 0.00672345029381087 0.102997 0.00810943 -28 0 15.72 0.00787607
0.107876 0.00628907737567532 0.107876 0.00755076 -27.9 0 15.72 0.01187607
0.11275 0.00588963628455712 0.11275 0.00700809 -27.8 0 19.69 0.00124117
0.117622 0.00551976695016152 0.117622 0.00649612 -27.7 0 19.69 0.00524117
0.122489 0.00517585306026926 0.122489 0.00604232 -27.6 0 0 0.082
0.127351 0.00485489993978963 0.127351 0.00558401 -27.5 0 0 0.086
0.13221 0.00455441327569217 0.13221 0.00515968 -27.4 0 3.905 0.082
0.137065 0.00427254635563197 0.137065 0.00478494 -27.3 0 3.905 0.086
0.141913 0.00400787557635843 0.141913 0.00441726 -27.2 0 7.81 0.082
0.146758 0.00375884322769917 0.146758 0.0040849 -27.1 0 7.81 0.086
0.151598 0.00352441763827446 0.151598 0.00380239 -27 0 11.75 0.082
0.156432 0.00330365210304248 0.156432 0.00351492 -26.9 0 11.75 0.086
0.161261 0.00309562774641945 0.161261 0.00325243 -26.8 0 15.72 0.082
0.166086 0.00289953359001971 0.166086 0.00298582 -26.7 0 15.72 0.086
0.170903 0.00271483282453139 0.170903 0.00274765 -26.6 0 19.69 0.0819999993948602
0.175716 0.00254073781192902 0.175716 0.00252733 -26.5 0 19.69 0.0859999993948602
0.180523 0.00237674711134481 0.180523 0.00234171 -26.3999999999999 0 23.66 0.0669008480475021
0.185322 0.0022223878522801 0.185322 0.00213447 -26.2999999999999 0 23.66 0.0709008480475021
0.190116 0.00207706350085215 0.190116 0.00197634 -26.1999999999999 0 25.645 0.0427080326697265
0.194905 0.00194031439235136 0.194905 0.00182411 -26.0999999999999 0 25.645 0.0467080326697265
0.199684 0.0018118381842722 0.199684 0.00165775 -25.9999999999999 0 28.48401 0.0171370501720129
0.204459 0.00169105506261952 0.204459 0.00152726 -25.8999999999999 0 28.48401 0.0211370501720129
0.209227 0.0015776507171356 0.209227 0.00140978 -25.7999999999999 0 0 -0.00196087965
0.213986 0.00147128993891589 0.213986 0.00129025 -25.6999999999999 0 0 0.00203912035
0.21874 0.00137152192291479 0.21874 0.00118453 -25.5999999999999 0 3.905 -0.00028758465
0.223486 0.00127806579504928 0.223486 0.00107838 -25.4999999999999 0 3.905 0.00371241535
0.228223 0.001190604072777 0.228223 0.000983865 -25.3999999999999 0 7.81 0.00225029
0.232954 0.00110876150945295 0.232954 0.000901645 -25.2999999999999 0 7.81 0.00625029
0.237677 0.00103226737746125 0.237677 0.000823604 -25.1999999999999 0 11.75 0.009106395
0.24239 0.000960854484838694 0.24239 0.00075538 -25.0999999999999 0 11.75 0.013106395
0.247097 0.000894177723605644 0.247097 0.000688214 -24.9999999999999 0 15.72 0.0205237
0.251795 0.000832008134770849 0.251795 0.000628182 -24.8999999999999 0 15.72 0.0245237
0.256483 0.000774093235464859 0.256483 0.000572463 -24.7999999999999 0 19.69 0.0259943
0.261164 0.000720144084633173 0.261164 0.000522501 -24.6999999999999 0 19.69 0.0299943
0.265837 0.000669933615913503 0.265837 0.000480623 -24.5999999999999 0 23.66 0.012
0.270498 0.00062327115538239 0.270498 0.00043539 -24.4999999999999 0 23.66 0.016
0.275152 0.000579884779388404 0.275152 0.000399029 -24.3999999999999 0 0 -0.002
0.279797 0.00053958481662336 0.279797 0.000364496 -24.2999999999999 0 0 0.002
0.284431 0.000502186628396426 0.284431 0.000331332 -24.1999999999999 0 3.905 -0.002
0.289057 0.000467475029232475 0.289057 0.000304123 -24.0999999999999 0 3.905 0.002
0.293673 0.000435284789866345 0.293673 0.000278544 -23.9999999999999 0 7.81 -0.00187908
0.298277 0.000405456179791538 0.298277 0.000253887 -23.8999999999999 0 7.81 0.00212092
0.302873 0.000377800601493021 0.302873 0.000232209 -23.7999999999999 0 11.75 0.00238749
0.307459 0.000352177955685136 0.307459 0.000213509 -23.6999999999999 0 11.75 0.00638749
0.312032 0.000328458596953159 0.312032 0.000193501 -23.5999999999999 0 15.72 0.01301142
0.316597 0.000306480079114931 0.316597 0.000176875 -23.4999999999999 0 15.72 0.01701142
0.321151 0.00028612980292408 0.321151 0.000162466 -23.3999999999999 0 19.69 0.01780725
0.325693 0.000267291130000283 0.325693 0.000148937 -23.2999999999999 0 19.69 0.02180725
0.330225 0.000249842920166639 0.330225 0.000137297 -23.1999999999999 0 23.66 0.01855
0.334746 0.000233684036162143 0.334746 0.000126421 -23.0999999999999 0 23.66 0.02255
0.339254 0.000218722508652277 0.339254 0.000115173 -22.9999999999999 0 25.645 0.0094876
0.343752 0.000204856429297185 0.343752 0.000105971 -22.8999999999999 0 25.645 0.0134876
0.348238 0.000192006805102147 0.348238 9.75811E-5 -22.7999999999999 0 0 -0.002
0.352711 0.000180096467684395 0.352711 8.97108E-5 -22.6999999999999 0 0 0.002
0.357174 0.000169043779726932 0.357174 8.32218E-5 -22.5999999999999 0 3.905 -0.002
0.361625 0.0001587857464213 0.361625 7.67116E-5 -22.4999999999999 0 3.905 0.002
0.366061 0.00014926520531584 0.366061 7.08432E-5 -22.3999999999999 0 7.81 -0.002
0.370487 0.000140412688419583 0.370487 6.5421E-5 -22.2999999999999 0 7.81 0.002
0.374901 0.000132178641500367 0.374901 6.06154E-5 -22.1999999999999 0 11.75 -0.0020985115
0.3793 0.000124518334951302 0.3793 5.6427E-5 -22.0999999999999 0 11.75 0.0019014885
0.383688 0.000117378655615053 0.383688 5.25006E-5 -21.9999999999999 0 15.72 -0.0123149115
0.388063 0.000110720769971561 0.388063 4.88812E-5 -21.8999999999999 0 15.72 -0.0083149115
0.392423 0.000104508465836538 0.392423 4.55265E-5 -21.7999999999999 0 19.69 -0.01357637
0.396772 9.87003055121899E-5 0.396772 4.26388E-5 -21.6999999999999 0 19.69 -0.00957637
0.401107 9.32676812056187E-5 0.401107 3.95872E-5 -21.5999999999999 0 23.66 -0.00340409575
0.405427 8.81815153608455E-5 0.405427 3.7047E-5 -21.4999999999999 0 23.66 0.00059590425
0.409735 8.34107568130441E-5 0.409735 3.45486E-5 -21.3999999999999 0 25.645 -0.00204412575
0.414029 7.8932583241023E-5 0.414029 3.24551E-5 -21.2999999999999 0 25.645 0.00195587425
0.418307 7.47258617576191E-5 0.418307 3.01692E-5 -21.1999999999999 0 0 -0.002
0.422573 7.07656562187631E-5 0.422573 2.83734E-5 -21.0999999999999 0 0 0.002
0.426824 6.70357037693719E-5 0.426824 2.66826E-5 -20.9999999999999 0 3.905 -0.002
0.43106 6.35184457824148E-5 0.43106 2.51886E-5 -20.8999999999999 0 3.905 0.002
0.435282 6.01971540858245E-5 0.435282 2.35213E-5 -20.7999999999999 0 7.81 -0.00187908
0.43949 5.70574453750049E-5 0.43949 2.21673E-5 -20.6999999999999 0 7.81 0.00212092
0.443681 5.40883284371531E-5 0.443681 2.10758E-5 -20.5999999999999 0 11.75 0.001219455
0.447859 5.12750166589656E-5 0.447859 1.98399E-5 -20.4999999999999 0 11.75 0.005219455
0.452022 4.86081220268982E-5 0.452022 1.86696E-5 -20.3999999999999 0 15.72 0.00111250105
0.456167 4.60796051946357E-5 0.456167 1.77728E-5 -20.2999999999999 0 15.72 0.00511250105
0.460299 4.36774770230648E-5 0.460299 1.67754E-5 -20.1999999999999 0 19.69 0.00295157105
0.464416 4.13949299462691E-5 0.464416 1.60139E-5 -20.0999999999999 0 19.69 0.00695157105
0.468515 3.92262170022211E-5 0.468515 1.52745E-5 -19.9999999999999 0 23.66 0.012634205
0.472599 3.7163037833857E-5 0.472599 1.44568E-5 -19.8999999999999 0 23.66 0.016634205
0.476668 3.51994137771918E-5 0.476668 1.40013E-5 -19.7999999999999 0 25.645 0.008240275
0.480719 3.33312760681712E-5 0.480719 1.32089E-5 -19.6999999999999 0 25.645 0.012240275
0.484756 3.15518020223546E-5 0.484756 1.25545E-5 -19.5999999999999 0 0 -0.002
0.488776 2.98578215621072E-5 0.488776 1.20745E-5 -19.4999999999999 0 0 0.002
0.492777 2.82459486889142E-5 0.492777 1.14497E-5 -19.3999999999998 0 0 -0.002
0.496764 2.67103891090264E-5 0.496764 1.08595E-5 -19.2999999999998 0 0 0.002
0.500734 2.52488938265293E-5 0.500734 1.0487E-5 -19.1999999999998 0 25.645 0.0445503077408059
0.504685 2.38589531644125E-5 0.504685 1.00027E-5 -19.0999999999998 0 25.645 0.0485503077408059
0.508621 2.25362171128928E-5 0.508621 9.60106E-6 -18.9999999999998 0 35.28057 0.04484565
0.51254 2.12786840858034E-5 0.51254 9.3763E-6 -18.8999999999998 0 35.28057 0.04884565
0.51644 2.00844255967984E-5 0.51644 8.99223E-6 -18.7999999999998 0 632.2 633.2
0.520324 1.89501456805533E-5 0.520324 8.67439E-6 -18.6999999999998 0 0 0
0.52419 1.78742207849555E-5 0.52419 8.39768E-6 -18.5999999999998 0 0 0
0.528037 1.68547883729553E-5 0.528037 8.09751E-6 -18.4999999999998 0 0 0
0.531867 1.58893091970953E-5 0.531867 7.97674E-6 -18.3999999999998 0 0 0
0.53568 1.49759073017965E-5 0.53568 7.6999E-6 -18.2999999999998 0 0 0
0.539473 1.41134502703127E-5 0.539473 7.37079E-6 -18.1999999999998 0 0 0
0.543249 1.32994746275497E-5 0.543249 7.03802E-6 -18.0999999999998 0 0 0
0.547007 1.25325093449806E-5 0.547007 6.98851E-6 -17.9999999999998 0 0 0
0.550745 1.18112748048006E-5 0.550745 6.84797E-6 -17.8999999999998 0 0 0
0.554465 1.11337411003079E-5 0.554465 6.59006E-6 -17.7999999999998 0 0 0
0.558167 1.0498333714286E-5 0.558167 6.45454E-6 -17.6999999999998 0 0 0
0.561849 9.90382174234346E-6 0.561849 6.37862E-6 -17.5999999999998 0 0 0
0.565513 9.34833603135316E-6 0.565513 6.2407E-6 -17.4999999999998 0 0 0
0.569158 8.8305216550919E-6 0.569158 6.06249E-6 -17.3999999999998 0 0 0
0.572782 8.34913642696837E-6 0.572782 5.87172E-6 -17.2999999999998 0 0 0
0.576388 7.90229113271673E-6 0.576388 5.69925E-6 -17.1999999999998 0 0 0
0.579975 7.48866583152532E-6 0.579975 5.61437E-6 -17.0999999999998 0 0 0
0.58354 7.10713123755815E-6 0.58354 5.59991E-6 -16.9999999999998 0 0 0
0.587087 6.75581709779393E-6 0.587087 5.44692E-6 -16.8999999999998 0 0 0
0.590615 6.43343639858736E-6 0.590615 5.4092E-6 -16.7999999999998 0 0 0
0.594121 6.13885215261119E-6 0.594121 5.37419E-6 -16.6999999999998 0 0 0
0.597608 5.87042398924809E-6 0.597608 5.20318E-6 -16.5999999999998 0 0 0
0.601075 5.62688561371929E-6 0.601075 5.26152E-6 -16.4999999999998 0 0 0
0.604521 5.40696843798224E-6 0.604521 5.16693E-6 -16.3999999999998 0 0 0
0.607947 5.20929642580134E-6 0.607947 4.93205E-6 -16.2999999999998 0 0 0
0.611352 5.0326433574703E-6 0.611352 5.00733E-6 -16.1999999999998 0 0 0
0.614736 4.87574635283091E-6 0.614736 4.95281E-6 -16.0999999999998 0 0 0
0.6181 4.73733549226665E-6 0.6181 4.89652E-6 -15.9999999999998 0 0 0
0.621441 4.61632819913021E-6 0.621441 5.03398E-6 -15.8999999999998 0 0 0
0.624765 4.51135603084475E-6 0.624765 4.8401E-6 -15.7999999999998 0 0 0
0.628066 4.42149181289053E-6 0.628066 4.84346E-6 -15.6999999999998 0 0 0
0.631345 4.34559482203561E-6 0.631345 4.81633E-6 -15.5999999999998 0 0 0
0.634603 4.28257920789927E-6 0.634603 4.63632E-6 -15.4999999999998 0 0 0
0.637839 4.23144021178794E-6 0.637839 4.62379E-6 -15.3999999999998 0 0 0
0.641055 4.19116579501401E-6 0.641055 4.74004E-6 -15.2999999999998 0 0 0
0.644247 4.1608557187681E-6 0.644247 4.64701E-6 -15.1999999999998 0 0 0
0.647419 4.13956151043333E-6 0.647419 4.52662E-6 -15.0999999999998 0 0 0
0.650569 4.12643484221322E-6 0.650569 4.52287E-6 -14.9999999999998 0 0 0
0.653696 4.12064686723561E-6 0.653696 4.54204E-6 -14.8999999999998 0 0 0
0.656801 4.12140374679786E-6 0.656801 4.50245E-6 -14.7999999999998 0 0 0
0.659885 4.12796026166113E-6 0.659885 4.38629E-6 -14.6999999999998 0 0 0
0.662945 4.13959903733466E-6 0.662945 4.33259E-6 -14.5999999999998 0 0 0
0.665984 4.15566004307485E-6 0.665984 4.38215E-6 -14.4999999999998 0 0 0
0.669 4.17550283718016E-6 0.669 4.20965E-6 -14.3999999999998 0 0 0
0.671992 4.19852392098471E-6 0.671992 4.19142E-6 -14.2999999999998 0 0 0
0.674963 4.22419084705075E-6 0.674963 4.23558E-6 -14.1999999999998 0 0 0
0.677911 4.2519690843416E-6 0.677911 4.28235E-6 -14.0999999999998 0 0 0
0.680835 4.28136445278066E-6 0.680835 4.25065E-6 -13.9999999999998 0 0 0
0.683737 4.31194857234465E-6 0.683737 4.2322E-6 -13.8999999999998 0 0 0
0.686616 4.34329719081053E-6 0.686616 4.33325E-6 -13.7999999999998 0 0 0
0.68947 4.37500640088962E-6 0.68947 4.31848E-6 -13.6999999999998 0 0 0
0.692302 4.40675979329016E-6 0.692302 4.30681E-6 -13.5999999999998 0 0 0
0.695112 4.43823849133935E-6 0.695112 4.22235E-6 -13.4999999999998 0 0 0
0.697894 4.46908618350494E-6 0.697894 4.14452E-6 -13.3999999999998 0 0 0
0.700657 4.49914119347918E-6 0.700657 4.11933E-6 -13.2999999999998 0 0 0
0.703395 4.5281027530509E-6 0.703395 4.08704E-6 -13.1999999999998 0 0 0
0.706108 4.55576340203818E-6 0.706108 4.14356E-6 -13.0999999999998 0 0 0
0.708799 4.58196905202941E-6 0.708799 4.12099E-6 -12.9999999999998 0 0 0
0.711465 4.60652886096321E-6 0.711465 4.12942E-6 -12.8999999999998 0 0 0
0.714106 4.62930538794167E-6 0.714106 3.96928E-6 -12.7999999999998 0 0 0
0.716724 4.65019731446557E-6 0.716724 4.01352E-6 -12.6999999999998 0 0 0
0.719318 4.6690963245842E-6 0.719318 4.02805E-6 -12.5999999999998 0 0 0
0.721886 4.68590868850807E-6 0.721886 4.03044E-6 -12.4999999999998 0 0 0
0.724431 4.70059065566461E-6 0.724431 3.9937E-6 -12.3999999999998 0 0 0
0.726952 4.71308636449915E-6 0.726952 3.9297E-6 -12.2999999999998 0 0 0
0.729446 4.72335026336248E-6 0.729446 3.8955E-6 -12.1999999999998 0 0 0
0.731918 4.73138313713598E-6 0.731918 3.8587E-6 -12.0999999999998 0 0 0
0.734364 4.73716326332982E-6 0.734364 3.95821E-6 -11.9999999999998 0 0 0
0.736784 4.74069853931868E-6 0.736784 3.8941E-6 -11.8999999999998 0 0 0
0.739181 4.74200752732026E-6 0.739181 3.8036E-6 -11.7999999999998 0 0 0
0.741552 4.74111213236589E-6 0.741552 3.82093E-6 -11.6999999999998 0 0 0
0.743898 4.73804672986577E-6 0.743898 3.77901E-6 -11.5999999999998 0 0 0
0.746219 4.73285227287543E-6 0.746219 3.86466E-6 -11.4999999999998 0 0 0
0.748515 4.7255764720933E-6 0.748515 3.86941E-6 -11.3999999999998 0 0 0
0.750785 4.71627757625721E-6 0.750785 3.74232E-6 -11.2999999999998 0 0 0
0.75303 4.7050117962684E-6 0.75303 3.93256E-6 -11.1999999999998 0 0 0
0.75525 4.69184259306342E-6 0.75525 3.74748E-6 -11.0999999999998 0 0 0
0.757443 4.67685189610683E-6 0.757443 3.67587E-6 -10.9999999999998 0 0 0
0.759612 4.66009116206035E-6 0.759612 3.76658E-6 -10.8999999999998 0 0 0
0.761755 4.64164915868955E-6 0.761755 3.85204E-6 -10.7999999999998 0 0 0
0.763871 4.62161388755081E-6 0.763871 3.82387E-6 -10.6999999999998 0 0 0
0.765962 4.60004611358879E-6 0.765962 3.76617E-6 -10.5999999999998 0 0 0
0.768027 4.57703574581764E-6 0.768027 3.7861E-6 -10.4999999999998 0 0 0
0.770066 4.55266438130407E-6 0.770066 3.65504E-6 -10.3999999999998 0 0 0
0.772079 4.52701395826689E-6 0.772079 3.6517E-6 -10.2999999999998 0 0 0
0.774066 4.50016640268963E-6 0.774066 3.68793E-6 -10.1999999999998 0 0 0
0.776026 4.47221793434507E-6 0.776026 3.8411E-6 -10.0999999999998 0 0 0
0.777961 4.44322098370579E-6 0.777961 3.71722E-6 -9.99999999999982 0 0 0
0.779869 4.41328555974044E-6 0.779869 3.71231E-6 -9.89999999999982 0 0 0
0.78175 4.38249263857321E-6 0.78175 3.75262E-6 -9.79999999999982 0 0 0
0.783605 4.35090438217321E-6 0.783605 3.73878E-6 -9.69999999999983 0 0 0
0.785434 4.3185967851446E-6 0.785434 3.58818E-6 -9.59999999999983 0 0 0
0.787236 4.28566274874039E-6 0.787236 3.56755E-6 -9.49999999999983 0 0 0
0.789011 4.25217652489096E-6 0.789011 3.54067E-6 -9.39999999999983 0 0 0
0.79076 4.21819059535263E-6 0.79076 3.65854E-6 -9.29999999999983 0 0 0
0.792482 4.1837936335325E-6 0.792482 3.61358E-6 -9.19999999999983 0 0 0
0.794177 4.14905349689862E-6 0.794177 3.60741E-6 -9.09999999999983 0 0 0