-12.8999999999998 6.14937151906098E-11 -12.8999999999998 -8.57554618195986E-11 -30 0 0 -0.002
-11.9999999999998 1.64506554883704E-10 -11.9999999999998 -2.29411014486199E-10 -29.9 0 0 0.002
-11.4999999999998 2.33341325297119E-10 -11.4999999999998 -3.25403873394646E-10 -29.8 0 30 -0.002
-11.0999999999998 3.03953987562414E-10 -11.0999999999998 -4.23876074075674E-10 -29.7 0 30 0.002
-10.7999999999998 3.80672516279596E-10 -10.7999999999998 -5.30863151370798E-10 -29.6 0 0 -0.002
-10.4999999999998 4.56094698403442E-10 -10.4999999999998 -6.36042421145345E-10 -29.5 0 0 0.002
-10.2999999999998 5.26992847266943E-10 -10.2999999999998 -7.34912744382419E-10 -29.4 0 30 -0.002
-10.0999999999998 6.07515204962699E-10 -10.0999999999998 -8.4720441434574E-10 -29.3 0 30 0.002
-9.89999999999982 6.98758470121298E-10 -9.89999999999982 -9.74446821433198E-10 -29.2 0 0 0.0402977
-9.69999999999983 8.01867770395821E-10 -9.69999999999983 -1.1182368922645E-9 -29.1 0 0 0.0442977
-9.49999999999983 9.18125975832466E-10 -9.49999999999983 -1.2803636407726E-9 -29 0 30 0.0402977
-9.29999999999983 1.01322934135173E-9 -9.29999999999983 -1.4129891132363E-9 -28.9 0 30 0.0442977
-9.19999999999983 1.08237807954389E-9 -9.19999999999983 -1.50941981285383E-9 -28.8 0 0 0.01215565
-9.09999999999983 1.1556780176995E-9 -9.09999999999983 -1.61163952796451E-9 -28.7 0 0 0.01615565
-8.99999999999983 1.23318720855444E-9 -8.99999999999983 -1.71972921544601E-9 -28.6 0 30 0.01215565
-8.89999999999983 1.31507286133553E-9 -8.89999999999983 -1.83392205529762E-9 -28.5 0 30 0.01615565
-8.79999999999983 1.4016391206238E-9 -8.79999999999983 -1.95464218938368E-9 -28.4 0 0 0.01209925
-8.69999999999983 1.49316943360942E-9 -8.69999999999983 -2.08228489622363E-9 -28.3 0 0 0.01609925
-8.59999999999983 1.58976948810605E-9 -8.59999999999983 -2.21699756172903E-9 -28.2 0 30 0.01209925
-8.49999999999983 1.69157525402128E-9 -8.49999999999983 -2.35896980141072E-9 -28.1 0 30 0.01609925
-8.39999999999983 1.79887080850146E-9 -8.39999999999983 -2.50859777228736E-9 -28 0 0 -0.00205
-8.29999999999983 1.91203199220642E-9 -8.29999999999983 -2.66640559929199E-9 -27.9 0 0 0.00195
-8.19999999999983 2.03122477587952E-9 -8.19999999999983 -2.83262473530886E-9 -27.8 0 30 -0.00205
-8.09999999999983 2.15653374649955E-9 -8.09999999999983 -3.00737314028569E-9 -27.7 0 30 0.00195
-7.99999999999983 2.28820324588889E-9 -7.99999999999983 -3.19099155873201E-9 -27.6 0 0 -0.002
-7.89999999999983 2.42671781825324E-9 -7.89999999999983 -3.38415570705237E-9 -27.5 0 0 0.002
-7.79999999999983 2.57232089640417E-9 -7.79999999999983 -3.58720506210411E-9 -27.4 0 30 -0.002
-7.69999999999983 2.72502140890357E-9 -7.69999999999983 -3.80015207512625E-9 -27.3 0 30 0.002
-7.59999999999983 2.88506158429714E-9 -7.59999999999983 -4.02333454357891E-9 -27.2 0 0 -0.002
-7.49999999999983 3.05292860923818E-9 -7.49999999999983 -4.25743186886623E-9 -27.1 0 0 0.002
-7.39999999999983 3.22895682111638E-9 -7.39999999999983 -4.50291029793986E-9 -27 0 30 -0.002
-7.29999999999983 3.41317793169634E-9 -7.29999999999983 -4.75981405413245E-9 -26.9 0 30 0.002
-7.19999999999983 3.60578246541877E-9 -7.19999999999983 -5.02840883144779E-9 -26.8 0 0 -0.002
-7.09999999999983 3.80720345252886E-9 -7.09999999999983 -5.3092985079984E-9 -26.7 0 0 0.002
-6.99999999999983 4.01788221617344E-9 -6.99999999999983 -5.60309852668196E-9 -26.6 0 30 -0.002
-6.89999999999984 4.23791789146787E-9 -6.89999999999984 -5.90994713540843E-9 -26.5 0 30 0.002
-6.79999999999984 4.46739955491275E-9 -6.79999999999984 -6.2299685549445E-9 -26.3999999999999 0 -26.3999999999999 0
-6.69999999999984 4.7066795368827E-9 -6.69999999999984 -6.56365412418381E-9 -26.2999999999999 0 0 0
-6.59999999999984 4.95632615357314E-9 -6.59999999999984 -6.91179638294358E-9 -26.1999999999999 0 0 0
-6.49999999999984 5.21652021066626E-9 -6.49999999999984 -7.2746474720276E-9 -26.0999999999999 0 0 0
-6.39999999999984 5.48721827178925E-9 -6.39999999999984 -7.65214681766507E-9 -25.9999999999999 0 0 0
-6.29999999999984 5.76867315222169E-9 -6.29999999999984 -8.04464698094272E-9 -25.8999999999999 0 0 0
-6.19999999999984 6.06155940420982E-9 -6.19999999999984 -8.45308865212815E-9 -25.7999999999999 0 0 0
-6.09999999999984 6.36614860719733E-9 -6.09999999999984 -8.87785055969048E-9 -25.6999999999999 0 0 0
-5.99999999999984 6.68227613926843E-9 -5.99999999999984 -9.31870313173976E-9 -25.5999999999999 0 0 0
-5.89999999999984 7.01016324503007E-9 -5.89999999999984 -9.77595490278864E-9 -25.4999999999999 0 0 0
-5.79999999999984 7.35036890251647E-9 -5.79999999999984 -1.02503853902125E-8 -25.3999999999999 0 0 0
-5.69999999999984 7.70326987745331E-9 -5.69999999999984 -1.0742520008986E-8 -25.2999999999999 0 0 0
-5.59999999999984 8.06877072786747E-9 -5.59999999999984 -1.12522256614346E-8 -25.1999999999999 0 0 0
-5.49999999999984 8.44694121879343E-9 -5.49999999999984 -1.17795996377081E-8 -25.0999999999999 0 0 0
-5.39999999999984 8.83818766447724E-9 -5.39999999999984 -1.23252085593824E-8 -24.9999999999999 0 0 0
-5.29999999999984 9.24300532934308E-9 -5.29999999999984 -1.28897430926383E-8 -24.8999999999999 0 0 0
-5.19999999999984 9.66137911749467E-9 -5.19999999999984 -1.34731821856406E-8 -24.7999999999999 0 0 0
-5.09999999999984 1.00931903116986E-8 -5.09999999999984 -1.40753602824274E-8 -24.6999999999999 0 0 0
-4.99999999999984 1.05386767908744E-8 -4.99999999999984 -1.46966091147299E-8 -24.5999999999999 0 0 0
-4.89999999999984 1.0998443734908E-8 -4.89999999999984 -1.5337772630266E-8 -24.4999999999999 0 0 0
-4.79999999999984 1.1472561822048E-8 -4.79999999999984 -1.59989493926992E-8 -24.3999999999999 0 0 0
-4.69999999999984 1.19607078080398E-8 -4.69999999999984 -1.66796886249012E-8 -24.2999999999999 0 0 0
-4.59999999999984 1.2462990880665E-8 -4.59999999999984 -1.73801425936301E-8 -24.1999999999999 0 0 0
-4.49999999999984 1.29799859745715E-8 -4.49999999999984 -1.81011130684013E-8 -24.0999999999999 0 0 0
-4.39999999999984 1.3511847443817E-8 -4.39999999999984 -1.88428153021633E-8 -23.9999999999999 0 0 0
-4.29999999999984 1.40581710198615E-8 -4.29999999999984 -1.96046855261594E-8 -23.8999999999999 0 0 0
-4.19999999999984 1.46189402927166E-8 -4.19999999999984 -2.03867008560004E-8 -23.7999999999999 0 0 0
-4.09999999999985 1.51945177517817E-8 -4.09999999999985 -2.11893667977489E-8 -23.6999999999999 0 0 0
-3.99999999999985 1.57851438065202E-8 -3.99999999999985 -2.20130186120812E-8 -23.5999999999999 0 0 0
-3.89999999999984 1.6390486123695E-8 -3.89999999999984 -2.28571928469175E-8 -23.4999999999999 0 0 0
-3.79999999999984 1.70103061833534E-8 -3.79999999999984 -2.37215568765798E-8 -23.3999999999999 0 0 0
-3.69999999999984 1.76447462479341E-8 -3.69999999999984 -2.46063090917667E-8 -23.2999999999999 0 0 0
-3.59999999999984 1.82941161997876E-8 -3.59999999999984 -2.55118816358935E-8 -23.1999999999999 0 0 0
-3.49999999999984 1.8958163839952E-8 -3.49999999999984 -2.64379228073531E-8 -23.0999999999999 0 0 0
-3.39999999999984 1.96364250545653E-8 -3.39999999999984 -2.73837853806778E-8 -22.9999999999999 0 0 0
-3.29999999999984 2.03288113692932E-8 -3.29999999999984 -2.83493459748461E-8 -22.8999999999999 0 0 0
-3.19999999999984 2.10356897381019E-8 -3.19999999999984 -2.93351163219389E-8 -22.7999999999999 0 0 0
-3.09999999999984 2.17568719186435E-8 -3.09999999999984 -3.03408339104227E-8 -22.6999999999999 0 0 0
-2.99999999999984 2.24916770283866E-8 -2.99999999999984 -3.13655492221923E-8 -22.5999999999999 0 0 0
-2.89999999999984 2.32399138548963E-8 -2.89999999999984 -3.24089956038085E-8 -22.4999999999999 0 0 0
-2.79999999999984 2.40017589232327E-8 -2.79999999999984 -3.34714192265748E-8 -22.3999999999999 0 0 0
-2.69999999999984 2.47770743093863E-8 -2.69999999999984 -3.45526277499068E-8 -22.2999999999999 0 0 0
-2.59999999999984 2.55652056716392E-8 -2.59999999999984 -3.56517086679326E-8 -22.1999999999999 0 0 0
-2.49999999999984 2.63657726322574E-8 -2.49999999999984 -3.67681315285863E-8 -22.0999999999999 0 0 0
-2.39999999999984 2.71787124899963E-8 -2.39999999999984 -3.79018088924579E-8 -21.9999999999999 0 0 0
-2.29999999999984 2.80039190606467E-8 -2.29999999999984 -3.9052592681392E-8 -21.8999999999999 0 0 0
-2.19999999999984 2.88408159695916E-8 -2.19999999999984 -4.02196791177784E-8 -21.7999999999999 0 0 0
-2.09999999999984 2.96888285497134E-8 -2.09999999999984 -4.14022668051829E-8 -21.6999999999999 0 0 0
-1.99999999999984 3.05476851917316E-8 -1.99999999999984 -4.25999769735278E-8 -21.5999999999999 0 0 0
-1.89999999999984 3.14172847083533E-8 -1.89999999999984 -4.3812668513059E-8 -21.4999999999999 0 0 0
-1.79999999999984 3.22971031475986E-8 -1.79999999999984 -4.50396107516441E-8 -21.3999999999999 0 0 0
-1.69999999999984 3.31864166951649E-8 -1.69999999999984 -4.62797943010944E-8 -21.2999999999999 0 0 0
-1.59999999999984 3.40847971602673E-8 -1.59999999999984 -4.75326220321196E-8 -21.1999999999999 0 0 0
-1.49999999999984 3.49920850888699E-8 -1.49999999999984 -4.87978715796463E-8 -21.0999999999999 0 0 0
-1.39999999999984 3.59077928871013E-8 -1.39999999999984 -5.00748629743886E-8 -20.9999999999999 0 0 0
-1.29999999999984 3.68311196091573E-8 -1.29999999999984 -5.13624792651732E-8 -20.8999999999999 0 0 0
-1.19999999999984 3.77615671069207E-8 -1.19999999999984 -5.26600257643928E-8 -20.7999999999999 0 0 0
-1.09999999999984 3.86987867949942E-8 -1.09999999999984 -5.39670163556758E-8 -20.6999999999999 0 0 0
-0.999999999999842 3.96422961769315E-8 -0.999999999999842 -5.52827781783005E-8 -20.5999999999999 0 0 0
-0.899999999999842 4.05913794156649E-8 -0.899999999999842 -5.66063129686533E-8 -20.4999999999999 0 0 0
-0.799999999999843 4.15454302816257E-8 -0.799999999999843 -5.79367753151917E-8 -20.3999999999999 0 0 0
-0.699999999999843 4.25039630268433E-8 -0.699999999999843 -5.92734878228121E-8 -20.2999999999999 0 0 0
-0.599999999999843 4.34664748548778E-8 -0.599999999999843 -6.06157493216349E-8 -20.1999999999999 0 0 0
-0.499999999999843 4.44323075657143E-8 -0.499999999999843 -6.19626419252372E-8 -20.0999999999999 0 0 0
-0.399999999999843 4.54008062600829E-8 -0.399999999999843 -6.33132523502183E-8 -19.9999999999999 0 0 0
-0.299999999999843 4.63714130040171E-8 -0.299999999999843 -6.46668025351973E-8 -19.8999999999999 0 0 0
-0.199999999999843 4.73435692096378E-8 -0.199999999999843 -6.60225135068857E-8 -19.7999999999999 0 0 0
-0.0999999999998426 4.83166459097556E-8 -0.0999999999998426 -6.73795081452132E-8 -19.6999999999999 0 0 0
1.57401869316232E-13 4.92900093356855E-8 1.57401869316232E-13 -6.87369026342303E-8 -19.5999999999999 0 0 0
0.100000000000157 5.02630860358033E-8 0.100000000000157 -7.00938972725577E-8 -19.4999999999999 0 0 0
0.200000000000157 5.1235242241424E-8 0.200000000000157 -7.14496082442462E-8 -19.3999999999998 0 0 0
0.300000000000157 5.22058489853581E-8 0.300000000000157 -7.28031584292251E-8 -19.2999999999998 0 0 0
0.400000000000157 5.31743476797267E-8 0.400000000000157 -7.41537688542062E-8 -19.1999999999998 0 0 0
0.500000000000157 5.41401803905632E-8 0.500000000000157 -7.55006614578085E-8 -19.0999999999998 0 0 0
0.600000000000157 5.51026922185978E-8 0.600000000000157 -7.68429229566312E-8 -18.9999999999998 0 0 0
0.700000000000157 5.60612249638153E-8 0.700000000000157 -7.81796354642517E-8 -18.8999999999998 0 0 0
0.800000000000157 5.70152758297761E-8 0.800000000000157 -7.951009781079E-8 -18.7999999999998 0 0 0
0.900000000000157 5.79643590685095E-8 0.900000000000157 -8.08336326011428E-8 -18.6999999999998 0 0 0
1.00000000000016 5.89078684504467E-8 1.00000000000016 -8.21493944237674E-8 -18.5999999999998 0 0 0
1.10000000000016 5.98450881385202E-8 1.10000000000016 -8.34563850150504E-8 -18.4999999999998 0 0 0
1.20000000000016 6.07755356362836E-8 1.20000000000016 -8.475393151427E-8 -18.3999999999998 0 0 0
1.30000000000016 6.16988623583396E-8 1.30000000000016 -8.60415478050545E-8 -18.2999999999998 0 0 0
1.40000000000016 6.2614570156571E-8 1.40000000000016 -8.73185391997968E-8 -18.1999999999998 0 0 0
1.50000000000016 6.35218580851735E-8 1.50000000000016 -8.85837887473235E-8 -18.0999999999998 0 0 0
1.60000000000016 6.44202385502759E-8 1.60000000000016 -8.98366164783487E-8 -17.9999999999998 0 0 0
1.70000000000016 6.53095520978031E-8 1.70000000000016 -9.10768000277445E-8 -17.8999999999998 0 0 0
1.80000000000016 6.61893705370014E-8 1.80000000000016 -9.2303742266264E-8 -17.7999999999998 0 0 0
1.90000000000016 6.70589700536056E-8 1.90000000000016 -9.35164338057707E-8 -17.6999999999998 0 0 0
2.00000000000016 6.79178266956028E-8 2.00000000000016 -9.47141439740864E-8 -17.5999999999998 0 0 0
2.10000000000016 6.87658392756994E-8 2.10000000000016 -9.58967316614558E-8 -17.4999999999998 0 0 0
2.20000000000016 6.96027361846143E-8 2.20000000000016 -9.70638180978002E-8 -17.3999999999998 0 0 0
2.30000000000016 7.04279427552289E-8 2.30000000000016 -9.82146018866845E-8 -17.2999999999998 0 0 0
2.40000000000016 7.12408826129251E-8 2.40000000000016 -9.93482792504965E-8 -17.1999999999998 0 0 0
2.50000000000016 7.20414495734922E-8 2.50000000000016 -1.00464702111079E-7 -17.0999999999998 0 0 0
2.60000000000016 7.28295809356844E-8 2.60000000000016 -1.0156378302902E-7 -16.9999999999998 0 0 0
2.70000000000016 7.36048963217659E-8 2.70000000000016 -1.02644991552252E-7 -16.8999999999998 0 0 0
2.80000000000016 7.43667413900165E-8 2.80000000000016 -1.03707415174898E-7 -16.7999999999998 0 0 0
2.90000000000016 7.51149782164241E-8 2.90000000000016 -1.04750861556372E-7 -16.6999999999998 0 0 0
3.00000000000016 7.58497833260458E-8 3.00000000000016 -1.05775576867972E-7 -16.5999999999998 0 0 0
3.10000000000016 7.65709655064438E-8 3.10000000000016 -1.06781294456256E-7 -16.4999999999998 0 0 0
3.20000000000016 7.72778438750828E-8 3.20000000000016 -1.07767064803112E-7 -16.3999999999998 0 0 0
3.30000000000016 7.79702301896089E-8 3.30000000000016 -1.08732625396999E-7 -16.2999999999998 0 0 0
3.40000000000016 7.86484914039828E-8 3.40000000000016 -1.0967848796999E-7 -16.1999999999998 0 0 0
3.50000000000016 7.93125390438649E-8 3.50000000000016 -1.10604529141056E-7 -16.0999999999998 0 0 0
3.60000000000016 7.99619089953857E-8 3.60000000000016 -1.11510101684719E-7 -15.9999999999998 0 0 0
3.70000000000016 8.05963490595727E-8 3.70000000000016 -1.12394853899356E-7 -15.8999999999998 0 0 0
3.80000000000016 8.12161691187651E-8 3.80000000000016 -1.13259217928369E-7 -15.7999999999998 0 0 0
3.90000000000016 8.18215114353912E-8 3.90000000000016 -1.1410339216244E-7 -15.6999999999998 0 0 0
4.00000000000016 8.2412137489485E-8 4.00000000000016 -1.14927043975873E-7 -15.5999999999998 0 0 0
4.10000000000016 8.29877149477909E-8 4.10000000000016 -1.15729709916563E-7 -15.4999999999998 0 0 0
4.20000000000016 8.35484842197498E-8 4.20000000000016 -1.16511725245154E-7 -15.3999999999998 0 0 0
4.30000000000016 8.40948077947404E-8 4.30000000000016 -1.17273595467681E-7 -15.2999999999998 0 0 0
4.40000000000016 8.46266692627513E-8 4.40000000000016 -1.18015297699721E-7 -15.1999999999998 0 0 0
4.50000000000016 8.514366435521E-8 4.50000000000016 -1.18736268172473E-7 -15.0999999999998 0 0 0
4.60000000000016 8.56459474261312E-8 4.60000000000016 -1.19436722138826E-7 -14.9999999999998 0 0 0
4.70000000000016 8.61340934101218E-8 4.70000000000016 -1.20117461368237E-7 -14.8999999999998 0 0 0
4.80000000000016 8.66082114949231E-8 4.80000000000016 -1.20778638127409E-7 -14.7999999999998 0 0 0
4.90000000000016 8.7067978436227E-8 4.90000000000016 -1.21419801639138E-7 -14.6999999999998 0 0 0
5.00000000000016 8.75134649121981E-8 5.00000000000016 -1.22041050466972E-7 -14.5999999999998 0 0 0
5.10000000000016 8.79452761026438E-8 5.10000000000016 -1.22643228558517E-7 -14.4999999999998 0 0 0
5.20000000000016 8.83636498864141E-8 5.20000000000016 -1.2322666764541E-7 -14.3999999999998 0 0 0
5.30000000000016 8.87684675461786E-8 5.30000000000016 -1.23791202171552E-7 -14.2999999999998 0 0 0
5.40000000000015 8.91597139859005E-8 5.40000000000015 -1.24336811084912E-7 -14.1999999999998 0 0 0
5.50000000000015 8.95378844698527E-8 5.50000000000015 -1.2486418505146E-7 -14.0999999999998 0 0 0
5.60000000000015 8.99033853121467E-8 5.60000000000015 -1.25373890692585E-7 -13.9999999999998 0 0 0
5.70000000000015 9.0256286277652E-8 5.70000000000015 -1.25866025298206E-7 -13.8999999999998 0 0 0
5.80000000000015 9.05964919241633E-8 5.80000000000015 -1.26340455770324E-7 -13.7999999999998 0 0 0
5.90000000000015 9.09243790171204E-8 5.90000000000015 -1.26797707523517E-7 -13.6999999999998 0 0 0
6.00000000000015 9.12405065342994E-8 6.00000000000015 -1.27238560074798E-7 -13.5999999999998 0 0 0
6.10000000000015 9.15450957200315E-8 6.10000000000015 -1.27663321958297E-7 -13.4999999999998 0 0 0
6.20000000000015 9.18379819520252E-8 6.20000000000015 -1.280717636016E-7 -13.3999999999998 0 0 0
6.30000000000015 9.21194368091897E-8 6.30000000000015 -1.28464263732429E-7 -13.2999999999998 0 0 0
6.40000000000015 9.23901348432836E-8 6.40000000000015 -1.28841763040374E-7 -13.1999999999998 0 0 0
6.50000000000015 9.26503288691335E-8 6.50000000000015 -1.29204614085888E-7 -13.0999999999998 0 0 0
6.60000000000015 9.28999754497486E-8 6.60000000000015 -1.29552756294339E-7 -12.9999999999998 0 0 0
6.70000000000015 9.31392553898684E-8 6.70000000000015 -1.29886441805217E-7 -12.8999999999998 0 0 0
6.80000000000015 9.33687370047792E-8 6.80000000000015 -1.3020646315707E-7 -12.7999999999998 0 0 0
6.90000000000015 9.35887726240814E-8 6.90000000000015 -1.30513311687713E-7 -12.6999999999998 0 0 0
7.00000000000015 9.3799451323227E-8 7.00000000000015 -1.3080711161645E-7 -12.5999999999998 0 0 0
7.10000000000015 9.40008722358257E-8 7.10000000000015 -1.31088001189092E-7 -12.4999999999998 0 0 0
7.20000000000015 9.41934766833532E-8 7.20000000000015 -1.31356595846205E-7 -12.3999999999998 0 0 0
7.30000000000015 9.43776976946055E-8 7.30000000000015 -1.31613499463881E-7 -12.2999999999998 0 0 0
7.40000000000015 9.45537257923352E-8 7.40000000000015 -1.3185897773377E-7 -12.1999999999998 0 0 0
7.50000000000015 9.47215926859476E-8 7.50000000000015 -1.32093074875914E-7 -12.0999999999998 0 0 0
7.60000000000015 9.48816327097991E-8 7.60000000000015 -1.32316257133035E-7 -11.9999999999998 0 0 0
7.70000000000015 9.50343330478739E-8 7.70000000000015 -1.32529203902815E-7 -11.8999999999998 0 0 0
7.80000000000015 9.51799359260467E-8 7.80000000000015 -1.32732252978989E-7 -11.7999999999998 0 0 0
7.90000000000015 9.53184502692563E-8 7.90000000000015 -1.32925416807744E-7 -11.6999999999998 0 0 0
8.00000000000015 9.54501195048809E-8 8.00000000000015 -1.3310903485836E-7 -11.5999999999998 0 0 0
8.10000000000015 9.55754281722812E-8 8.10000000000015 -1.33283782840485E-7 -11.4999999999998 0 0 0
8.20000000000014 9.56946206091326E-8 8.20000000000014 -1.33450001492845E-7 -11.3999999999998 0 0 0
8.30000000000014 9.58077813965451E-8 8.30000000000014 -1.33607808767203E-7 -11.2999999999998 0 0 0
8.40000000000014 9.59150764965122E-8 8.40000000000014 -1.33757436104243E-7 -11.1999999999998 0 0 0
8.50000000000014 9.6016881741027E-8 8.50000000000014 -1.33899407616811E-7 -11.0999999999998 0 0 0
8.60000000000014 9.6113481200066E-8 8.60000000000014 -1.34034119451927E-7 -10.9999999999998 0 0 0
8.70000000000014 9.62050108342532E-8 8.70000000000014 -1.34161761212155E-7 -10.8999999999998 0 0 0
8.80000000000014 9.62915763181356E-8 8.80000000000014 -1.34282480264907E-7 -10.7999999999998 0 0 0
8.90000000000014 9.63734610836134E-8 8.90000000000014 -1.34396671867378E-7 -10.6999999999998 0 0 0
9.00000000000014 9.64509692623649E-8 9.00000000000014 -1.3450476014344E-7 -10.5999999999998 0 0 0
9.10000000000014 9.65242680494787E-8 9.10000000000014 -1.34606978253377E-7 -10.4999999999998 0 0 0
9.20000000000014 9.66250879646874E-8 9.20000000000014 -1.34747575684554E-7 -10.3999999999998 0 0 0
9.40000000000014 9.67483894263882E-8 9.40000000000014 -1.34919524537513E-7 -10.2999999999998 0 0 0
9.60000000000014 9.68579086365648E-8 9.60000000000014 -1.35072253485791E-7 -10.1999999999998 0 0 0
9.80000000000014 9.69549076381263E-8 9.80000000000014 -1.35207522499042E-7 -10.0999999999998 0 0 0
10.0000000000001 9.70406449219396E-8 10.0000000000001 -1.3532708659345E-7 -9.99999999999982 0 0 0
10.2000000000001 9.71162020240294E-8 10.2000000000001 -1.3543245401455E-7 -9.89999999999982 0 0 0
10.4000000000001 9.71967046975615E-8 10.4000000000001 -1.35544718234154E-7 -9.79999999999982 0 0 0
10.7000000000001 9.72787386804691E-8 10.7000000000001 -1.3565911792634E-7 -9.69999999999983 0 0 0
11.0000000000001 9.73543836201862E-8 11.0000000000001 -1.35764607840547E-7 -9.59999999999983 0 0 0
11.4000000000001 9.74338168320056E-8 11.4000000000001 -1.35875380652732E-7 -9.49999999999983 0 0 0
12.0000000000001 9.7511909106867E-8 12.0000000000001 -1.35984283474338E-7 -9.39999999999983 0 0 0
13.0000000000001 9.75219170002903E-8 13.0000000000001 -1.35998239884675E-7 -9.29999999999983 0 0 0
17.8000000000001 9.74594215891782E-8 17.8000000000001 -1.35911087517561E-7 -9.19999999999983 0 0 0
18.4000000000002 9.73906902267655E-8 18.4000000000002 -1.35815238865273E-7 -9.09999999999983 0 0 0
18.8000000000002 9.73249195838595E-8 18.8000000000002 -1.35723519055548E-7 -8.99999999999983 0 0 0
19.1000000000002 9.72532280214267E-8 19.1000000000002 -1.35623542285142E-7 -8.89999999999983 0 0 0
19.4000000000002 9.71826505923028E-8 19.4000000000002 -1.35525119218496E-7 -8.79999999999983 0 0 0
19.6000000000002 9.71162020240293E-8 19.6000000000002 -1.3543245401455E-7 -8.69999999999983 0 0 0
19.8000000000002 9.70406449219395E-8 19.8000000000002 -1.3532708659345E-7 -8.59999999999983 0 0 0
20.0000000000002 9.69549076381262E-8 20.0000000000002 -1.35207522499042E-7 -8.49999999999983 0 0 0
20.2000000000002 9.68579086365646E-8 20.2000000000002 -1.35072253485791E-7 -8.39999999999983 0 0 0
20.4000000000002 9.6748389426388E-8 20.4000000000002 -1.34919524537512E-7 -8.29999999999983 0 0 0
20.6000000000002 9.66586201443703E-8 20.6000000000002 -1.34794337659263E-7 -8.19999999999983 0 0 0
20.7000000000002 9.65934154779766E-8 20.7000000000002 -1.34703407126573E-7 -8.09999999999983 0 0 0
20.8000000000002 9.65242680494784E-8 20.8000000000002 -1.34606978253377E-7 -7.99999999999983 0 0 0
20.9000000000002 9.64509692623647E-8 20.9000000000002 -1.3450476014344E-7 -7.89999999999983 0 0 0
21.0000000000002 9.63734610836132E-8 21.0000000000002 -1.34396671867378E-7 -7.79999999999983 0 0 0
21.1000000000002 9.62915763181353E-8 21.1000000000002 -1.34282480264906E-7 -7.69999999999983 0 0 0
21.2000000000002 9.62050108342529E-8 21.2000000000002 -1.34161761212155E-7 -7.59999999999983 0 0 0
21.3000000000002 9.61134812000657E-8 21.3000000000002 -1.34034119451926E-7 -7.49999999999983 0 0 0
21.4000000000002 9.60168817410267E-8 21.4000000000002 -1.33899407616811E-7 -7.39999999999983 0 0 0
21.5000000000002 9.59150764965119E-8 21.5000000000002 -1.33757436104243E-7 -7.29999999999983 0 0 0
21.6000000000002 9.58077813965447E-8 21.6000000000002 -1.33607808767203E-7 -7.19999999999983 0 0 0
21.7000000000002 9.56946206091322E-8 21.7000000000002 -1.33450001492844E-7 -7.09999999999983 0 0 0
21.8000000000002 9.55754281722808E-8 21.8000000000002 -1.33283782840484E-7 -6.99999999999983 0 0 0
21.9000000000002 9.54501195048805E-8 21.9000000000002 -1.33109034858359E-7 -6.89999999999984 0 0 0
22.0000000000002 9.53184502692559E-8 22.0000000000002 -1.32925416807744E-7 -6.79999999999984 0 0 0
22.1000000000002 9.51799359260462E-8 22.1000000000002 -1.32732252978989E-7 -6.69999999999984 0 0 0
22.2000000000002 9.50343330478734E-8 22.2000000000002 -1.32529203902814E-7 -6.59999999999984 0 0 0
22.3000000000002 9.48816327097986E-8 22.3000000000002 -1.32316257133034E-7 -6.49999999999984 0 0 0
22.4000000000002 9.4721592685947E-8 22.4000000000002 -1.32093074875913E-7 -6.39999999999984 0 0 0
22.5000000000002 9.45537257923346E-8 22.5000000000002 -1.31858977733769E-7 -6.29999999999984 0 0 0
22.6000000000002 9.43776976946049E-8 22.6000000000002 -1.3161349946388E-7 -6.19999999999984 0 0 0
22.7000000000002 9.41934766833525E-8 22.7000000000002 -1.31356595846204E-7 -6.09999999999984 0 0 0
22.8000000000002 9.4000872235825E-8 22.8000000000002 -1.31088001189091E-7 -5.99999999999984 0 0 0
22.9000000000002 9.37994513232262E-8 22.9000000000002 -1.30807111616449E-7 -5.89999999999984 0 0 0
23.0000000000002 9.35887726240807E-8 23.0000000000002 -1.30513311687712E-7 -5.79999999999984 0 0 0
23.1000000000002 9.33687370047784E-8 23.1000000000002 -1.30206463157069E-7 -5.69999999999984 0 0 0
23.2000000000002 9.31392553898675E-8 23.2000000000002 -1.29886441805215E-7 -5.59999999999984 0 0 0
23.3000000000002 9.28999754497477E-8 23.3000000000002 -1.29552756294338E-7 -5.49999999999984 0 0 0
23.4000000000002 9.26503288691325E-8 23.4000000000002 -1.29204614085886E-7 -5.39999999999984 0 0 0
23.5000000000002 9.23901348432827E-8 23.5000000000002 -1.28841763040372E-7 -5.29999999999984 0 0 0
23.6000000000002 9.21194368091886E-8 23.6000000000002 -1.28464263732428E-7 -5.19999999999984 0 0 0
23.7000000000002 9.18379819520241E-8 23.7000000000002 -1.28071763601598E-7 -5.09999999999984 0 0 0
23.8000000000002 9.15450957200304E-8 23.8000000000002 -1.27663321958296E-7 -4.99999999999984 0 0 0
23.9000000000002 9.12405065342982E-8 23.9000000000002 -1.27238560074797E-7 -4.89999999999984 0 0 0
24.0000000000002 9.09243790171191E-8 24.0000000000002 -1.26797707523515E-7 -4.79999999999984 0 0 0
24.1000000000002 9.0596491924162E-8 24.1000000000002 -1.26340455770322E-7 -4.69999999999984 0 0 0
24.2000000000002 9.02562862776506E-8 24.2000000000002 -1.25866025298204E-7 -4.59999999999984 0 0 0
24.3000000000002 8.99033853121453E-8 24.3000000000002 -1.25373890692583E-7 -4.49999999999984 0 0 0
24.4000000000002 8.95378844698513E-8 24.4000000000002 -1.24864185051458E-7 -4.39999999999984 0 0 0
24.5000000000002 8.9159713985899E-8 24.5000000000002 -1.2433681108491E-7 -4.29999999999984 0 0 0
24.6000000000002 8.87684675461771E-8 24.6000000000002 -1.2379120217155E-7 -4.19999999999984 0 0 0
24.7000000000002 8.83636498864125E-8 24.7000000000002 -1.23226667645408E-7 -4.09999999999985 0 0 0
24.8000000000002 8.79452761026421E-8 24.8000000000002 -1.22643228558515E-7 -3.99999999999985 0 0 0
24.9000000000002 8.75134649121964E-8 24.9000000000002 -1.22041050466969E-7 -3.89999999999984 0 0 0
25.0000000000002 8.70679784362252E-8 25.0000000000002 -1.21419801639136E-7 -3.79999999999984 0 0 0
25.1000000000002 8.66082114949213E-8 25.1000000000002 -1.20778638127406E-7 -3.69999999999984 0 0 0
25.2000000000002 8.61340934101199E-8 25.2000000000002 -1.20117461368234E-7 -3.59999999999984 0 0 0
25.3000000000002 8.56459474261292E-8 25.3000000000002 -1.19436722138823E-7 -3.49999999999984 0 0 0
25.4000000000003 8.51436643552079E-8 25.4000000000003 -1.1873626817247E-7 -3.39999999999984 0 0 0
25.5000000000003 8.46266692627491E-8 25.5000000000003 -1.18015297699718E-7 -3.29999999999984 0 0 0
25.6000000000003 8.40948077947382E-8 25.6000000000003 -1.17273595467678E-7 -3.19999999999984 0 0 0
25.7000000000003 8.35484842197475E-8 25.7000000000003 -1.16511725245151E-7 -3.09999999999984 0 0 0
25.8000000000003 8.29877149477885E-8 25.8000000000003 -1.1572970991656E-7 -2.99999999999984 0 0 0
25.9000000000003 8.24121374894826E-8 25.9000000000003 -1.1492704397587E-7 -2.89999999999984 0 0 0
26.0000000000003 8.18215114353886E-8 26.0000000000003 -1.14103392162436E-7 -2.79999999999984 0 0 0
26.1000000000003 8.12161691187625E-8 26.1000000000003 -1.13259217928365E-7 -2.69999999999984 0 0 0
26.2000000000003 8.059634905957E-8 26.2000000000003 -1.12394853899353E-7 -2.59999999999984 0 0 0
26.3000000000003 7.9961908995383E-8 26.3000000000003 -1.11510101684715E-7 -2.49999999999984 0 0 0
26.4000000000003 7.93125390438621E-8 26.4000000000003 -1.10604529141052E-7 -2.39999999999984 0 0 0
26.5000000000003 7.864849140398E-8 26.5000000000003 -1.09678487969986E-7 -2.29999999999984 0 0 0
26.6000000000003 7.7970230189606E-8 26.6000000000003 -1.08732625396995E-7 -2.19999999999984 0 0 0
26.7000000000003 7.72778438750798E-8 26.7000000000003 -1.07767064803108E-7 -2.09999999999984 0 0 0
26.8000000000003 7.65709655064408E-8 26.8000000000003 -1.06781294456252E-7 -1.99999999999984 0 0 0
26.9000000000003 7.58497833260427E-8 26.9000000000003 -1.05775576867968E-7 -1.89999999999984 0 0 0
27.0000000000003 7.51149782164209E-8 27.0000000000003 -1.04750861556368E-7 -1.79999999999984 0 0 0
27.1000000000003 7.43667413900132E-8 27.1000000000003 -1.03707415174894E-7 -1.69999999999984 0 0 0
27.2000000000003 7.36048963217625E-8 27.2000000000003 -1.02644991552247E-7 -1.59999999999984 0 0 0
27.3000000000003 7.2829580935681E-8 27.3000000000003 -1.01563783029015E-7 -1.49999999999984 0 0 0
27.4000000000003 7.20414495734887E-8 27.4000000000003 -1.00464702111074E-7 -1.39999999999984 0 0 0
27.5000000000003 7.12408826129215E-8 27.5000000000003 -9.93482792504916E-8 -1.29999999999984 0 0 0
27.6000000000003 7.04279427552253E-8 27.6000000000003 -9.82146018866795E-8 -1.19999999999984 0 0 0
27.7000000000003 6.96027361846106E-8 27.7000000000003 -9.70638180977951E-8 -1.09999999999984 0 0 0
27.8000000000003 6.87658392756957E-8 27.8000000000003 -9.58967316614506E-8 -0.999999999999842 0 0 0
27.9000000000003 6.7917826695599E-8 27.9000000000003 -9.47141439740811E-8 -0.899999999999842 0 0 0
28.0000000000003 6.70589700536017E-8 28.0000000000003 -9.35164338057654E-8 -0.799999999999843 0 0 0
28.1000000000003 6.61893705369975E-8 28.1000000000003 -9.23037422662585E-8 -0.699999999999843 0 0 0
28.2000000000003 6.53095520977991E-8 28.2000000000003 -9.10768000277389E-8 -0.599999999999843 0 0 0
28.3000000000003 6.44202385502719E-8 28.3000000000003 -8.98366164783431E-8 -0.499999999999843 0 0 0
28.4000000000003 6.35218580851694E-8 28.4000000000003 -8.85837887473179E-8 -0.399999999999843 0 0 0
28.5000000000003 6.26145701565669E-8 28.5000000000003 -8.7318539199791E-8 -0.299999999999843 0 0 0
28.6000000000003 6.16988623583354E-8 28.6000000000003 -8.60415478050487E-8 -0.199999999999843 0 0 0
28.7000000000003 6.07755356362793E-8 28.7000000000003 -8.47539315142641E-8 -0.0999999999998426 0 0 0
28.8000000000003 5.9845088138516E-8 28.8000000000003 -8.34563850150445E-8 1.57401869316232E-13 0 0 0
28.9000000000003 5.89078684504424E-8 28.9000000000003 -8.21493944237614E-8 0.100000000000157 0 0 0
29.0000000000003 5.79643590685051E-8 29.0000000000003 -8.08336326011368E-8 0.200000000000157 0 0 0
29.1000000000003 5.70152758297717E-8 29.1000000000003 -7.95100978107839E-8 0.300000000000157 0 0 0
29.2000000000003 5.60612249638109E-8 29.2000000000003 -7.81796354642455E-8 0.400000000000157 0 0 0
29.3000000000003 5.51026922185933E-8 29.3000000000003 -7.6842922956625E-8 0.500000000000157 0 0 0
29.4000000000003 5.41401803905587E-8 29.4000000000003 -7.55006614578022E-8 0.600000000000157 0 0 0
29.5000000000003 5.31743476797222E-8 29.5000000000003 -7.41537688541999E-8 0.700000000000157 0 0 0
29.6000000000003 5.22058489853536E-8 29.6000000000003 -7.28031584292187E-8 0.800000000000157 0 0 0
29.7000000000003 5.12352422414194E-8 29.7000000000003 -7.14496082442398E-8 0.900000000000157 0 0 0
29.8000000000003 5.02630860357987E-8 29.8000000000003 -7.00938972725514E-8 1.00000000000016 0 0 0
29.9000000000003 4.92900093356809E-8 29.9000000000003 -6.87369026342239E-8 1.10000000000016 0 0 0
30.0000000000003 4.8316645909751E-8 30.0000000000003 -6.73795081452067E-8 1.20000000000016 0 0 0
30.1000000000003 4.73435692096331E-8 30.1000000000003 -6.60225135068792E-8 1.30000000000016 0 0 0
30.2000000000003 4.63714130040124E-8 30.2000000000003 -6.46668025351908E-8 1.40000000000016 0 0 0
30.3000000000003 4.54008062600783E-8 30.3000000000003 -6.33132523502119E-8 1.50000000000016 0 0 0
30.4000000000003 4.44323075657097E-8 30.4000000000003 -6.19626419252308E-8 1.60000000000016 0 0 0
30.5000000000003 4.34664748548731E-8 30.5000000000003 -6.06157493216284E-8 1.70000000000016 0 0 0
30.6000000000003 4.25039630268386E-8 30.6000000000003 -5.92734878228057E-8 1.80000000000016 0 0 0
30.7000000000003 4.15454302816211E-8 30.7000000000003 -5.79367753151852E-8 1.90000000000016 0 0 0
30.8000000000003 4.05913794156602E-8 30.8000000000003 -5.66063129686469E-8 2.00000000000016 0 0 0
30.9000000000003 3.96422961769269E-8 30.9000000000003 -5.5282778178294E-8 2.10000000000016 0 0 0
31.0000000000003 3.86987867949896E-8 31.0000000000003 -5.39670163556694E-8 2.20000000000016 0 0 0
31.1000000000003 3.77615671069161E-8 31.1000000000003 -5.26600257643864E-8 2.30000000000016 0 0 0
31.2000000000003 3.68311196091528E-8 31.2000000000003 -5.13624792651668E-8 2.40000000000016 0 0 0
31.3000000000003 3.59077928870968E-8 31.3000000000003 -5.00748629743823E-8 2.50000000000016 0 0 0
31.4000000000003 3.49920850888654E-8 31.4000000000003 -4.87978715796401E-8 2.60000000000016 0 0 0
31.5000000000003 3.40847971602628E-8 31.5000000000003 -4.75326220321133E-8 2.70000000000016 0 0 0
31.6000000000003 3.31864166951605E-8 31.6000000000003 -4.62797943010882E-8 2.80000000000016 0 0 0
31.7000000000003 3.22971031475942E-8 31.7000000000003 -4.5039610751638E-8 2.90000000000016 0 0 0
31.8000000000003 3.14172847083489E-8 31.8000000000003 -4.38126685130529E-8 3.00000000000016 0 0 0
31.9000000000003 3.05476851917273E-8 31.9000000000003 -4.25999769735218E-8 3.10000000000016 0 0 0
32.0000000000003 2.96888285497091E-8 32.0000000000003 -4.14022668051769E-8 3.20000000000016 0 0 0
32.1000000000003 2.88408159695873E-8 32.1000000000003 -4.02196791177725E-8 3.30000000000016 0 0 0
32.2000000000003 2.80039190606425E-8 32.2000000000003 -3.90525926813862E-8 3.40000000000016 0 0 0
32.3000000000003 2.71787124899922E-8 32.3000000000003 -3.79018088924521E-8 3.50000000000016 0 0 0
32.4000000000003 2.63657726322533E-8 32.4000000000003 -3.67681315285806E-8 3.60000000000016 0 0 0
32.5000000000003 2.55652056716352E-8 32.5000000000003 -3.5651708667927E-8 3.70000000000016 0 0 0
32.6000000000003 2.47770743093823E-8 32.6000000000003 -3.45526277499013E-8 3.80000000000016 0 0 0
32.7000000000004 2.40017589232288E-8 32.7000000000004 -3.34714192265693E-8 3.90000000000016 0 0 0
32.8000000000004 2.32399138548925E-8 32.8000000000004 -3.24089956038031E-8 4.00000000000016 0 0 0
32.9000000000004 2.24916770283828E-8 32.9000000000004 -3.13655492221871E-8 4.10000000000016 0 0 0
33.0000000000004 2.17568719186398E-8 33.0000000000004 -3.03408339104175E-8 4.20000000000016 0 0 0
33.1000000000004 2.10356897380982E-8 33.1000000000004 -2.93351163219338E-8 4.30000000000016 0 0 0
33.2000000000004 2.03288113692896E-8 33.2000000000004 -2.83493459748411E-8 4.40000000000016 0 0 0
33.3000000000004 1.96364250545618E-8 33.3000000000004 -2.73837853806729E-8 4.50000000000016 0 0 0
33.4000000000004 1.89581638399486E-8 33.4000000000004 -2.64379228073483E-8 4.60000000000016 0 0 0
33.5000000000004 1.82941161997842E-8 33.5000000000004 -2.55118816358888E-8 4.70000000000016 0 0 0
33.6000000000004 1.76447462479307E-8 33.6000000000004 -2.46063090917621E-8 4.80000000000016 0 0 0
33.7000000000004 1.70103061833502E-8 33.7000000000004 -2.37215568765752E-8 4.90000000000016 0 0 0
33.8000000000004 1.63904861236918E-8 33.8000000000004 -2.2857192846913E-8 5.00000000000016 0 0 0
33.9000000000004 1.57851438065171E-8 33.9000000000004 -2.20130186120769E-8 5.10000000000016 0 0 0
34.0000000000004 1.51945177517787E-8 34.0000000000004 -2.11893667977446E-8 5.20000000000016 0 0 0
34.1000000000004 1.46189402927136E-8 34.1000000000004 -2.03867008559962E-8 5.30000000000016 0 0 0
34.2000000000004 1.40581710198585E-8 34.2000000000004 -1.96046855261554E-8 5.40000000000015 0 0 0
34.3000000000004 1.35118474438142E-8 34.3000000000004 -1.88428153021593E-8 5.50000000000015 0 0 0
34.4000000000004 1.29799859745687E-8 34.4000000000004 -1.81011130683974E-8 5.60000000000015 0 0 0
34.5000000000004 1.24629908806623E-8 34.5000000000004 -1.73801425936263E-8 5.70000000000015 0 0 0
34.6000000000004 1.19607078080371E-8 34.6000000000004 -1.66796886248975E-8 5.80000000000015 0 0 0
34.7000000000004 1.14725618220454E-8 34.7000000000004 -1.59989493926956E-8 5.90000000000015 0 0 0
34.8000000000004 1.09984437349055E-8 34.8000000000004 -1.53377726302626E-8 6.00000000000015 0 0 0
34.9000000000004 1.0538676790872E-8 34.9000000000004 -1.46966091147265E-8 6.10000000000015 0 0 0
35.0000000000004 1.00931903116963E-8 35.0000000000004 -1.40753602824241E-8 6.20000000000015 0 0 0
35.1000000000004 9.66137911749236E-9 35.1000000000004 -1.34731821856374E-8 6.30000000000015 0 0 0
35.2000000000004 9.24300532934084E-9 35.2000000000004 -1.28897430926351E-8 6.40000000000015 0 0 0
35.3000000000004 8.83818766447506E-9 35.3000000000004 -1.23252085593793E-8 6.50000000000015 0 0 0
35.4000000000004 8.44694121879131E-9 35.4000000000004 -1.17795996377052E-8 6.60000000000015 0 0 0
35.5000000000004 8.06877072786541E-9 35.5000000000004 -1.12522256614318E-8 6.70000000000015 0 0 0
35.6000000000004 7.70326987745133E-9 35.6000000000004 -1.07425200089832E-8 6.80000000000015 0 0 0
35.7000000000004 7.35036890251454E-9 35.7000000000004 -1.02503853902098E-8 6.90000000000015 0 0 0
35.8000000000004 7.01016324502821E-9 35.8000000000004 -9.77595490278603E-9 7.00000000000015 0 0 0
35.9000000000004 6.68227613926663E-9 35.9000000000004 -9.31870313173725E-9 7.10000000000015 0 0 0
36.0000000000004 6.3661486071956E-9 36.0000000000004 -8.87785055968806E-9 7.20000000000015 0 0 0
36.1000000000004 6.06155940420814E-9 36.1000000000004 -8.45308865212581E-9 7.30000000000015 0 0 0
36.2000000000004 5.76867315222005E-9 36.2000000000004 -8.04464698094044E-9 7.40000000000015 0 0 0
36.3000000000004 5.48721827178768E-9 36.3000000000004 -7.65214681766288E-9 7.50000000000015 0 0 0
36.4000000000004 5.21652021066475E-9 36.4000000000004 -7.2746474720255E-9 7.60000000000015 0 0 0
36.5000000000004 4.9563261535717E-9 36.5000000000004 -6.91179638294157E-9 7.70000000000015 0 0 0
36.6000000000004 4.70667953688131E-9 36.6000000000004 -6.56365412418186E-9 7.80000000000015 0 0 0
36.7000000000004 4.4673995549114E-9 36.7000000000004 -6.22996855494262E-9 7.90000000000015 0 0 0
36.8000000000004 4.23791789146658E-9 36.8000000000004 -5.90994713540664E-9 8.00000000000015 0 0 0
36.9000000000004 4.01788221617221E-9 36.9000000000004 -5.60309852668025E-9 8.10000000000015 0 0 0
37.0000000000004 3.80720345252767E-9 37.0000000000004 -5.30929850799673E-9 8.20000000000014 0 0 0
37.1000000000004 3.60578246541762E-9 37.1000000000004 -5.02840883144618E-9 8.30000000000014 0 0 0
37.2000000000004 3.41317793169525E-9 37.2000000000004 -4.75981405413092E-9 8.40000000000014 0 0 0
37.3000000000004 3.22895682111533E-9 37.3000000000004 -4.5029102979384E-9 8.50000000000014 0 0 0
37.4000000000004 3.05292860923718E-9 37.4000000000004 -4.25743186886482E-9 8.60000000000014 0 0 0
37.5000000000004 2.88506158429617E-9 37.5000000000004 -4.02333454357757E-9 8.70000000000014 0 0 0
37.6000000000004 2.72502140890265E-9 37.6000000000004 -3.80015207512497E-9 8.80000000000014 0 0 0
37.7000000000004 2.5723208964033E-9 37.7000000000004 -3.58720506210289E-9 8.90000000000014 0 0 0
37.8000000000004 2.4267178182524E-9 37.8000000000004 -3.38415570705121E-9 9.00000000000014 0 0 0
37.9000000000004 2.28820324588809E-9 37.9000000000004 -3.19099155873089E-9 9.10000000000014 0 0 0
38.0000000000004 2.15653374649878E-9 38.0000000000004 -3.00737314028461E-9 9.20000000000014 0 0 0
38.1000000000004 2.03122477587879E-9 38.1000000000004 -2.83262473530784E-9 9.30000000000014 0 0 0
38.2000000000004 1.91203199220573E-9 38.2000000000004 -2.66640559929103E-9 9.40000000000014 0 0 0
38.3000000000004 1.7988708085008E-9 38.3000000000004 -2.50859777228644E-9 9.50000000000014 0 0 0
38.4000000000004 1.69157525402065E-9 38.4000000000004 -2.35896980140983E-9 9.60000000000014 0 0 0
38.5000000000004 1.58976948810546E-9 38.5000000000004 -2.2169975617282E-9 9.70000000000014 0 0 0
38.6000000000004 1.49316943360886E-9 38.6000000000004 -2.08228489622284E-9 9.80000000000014 0 0 0
38.7000000000004 1.40163912062326E-9 38.7000000000004 -1.95464218938293E-9 9.90000000000014 0 0 0
38.8000000000004 1.31507286133501E-9 38.8000000000004 -1.83392205529689E-9 10.0000000000001 0 0 0
38.9000000000004 1.23318720855395E-9 38.9000000000004 -1.71972921544533E-9 10.1000000000001 0 0 0
39.0000000000004 1.15567801769904E-9 39.0000000000004 -1.61163952796387E-9 10.2000000000001 0 0 0
39.1000000000004 1.08237807954345E-9 39.1000000000004 -1.50941981285322E-9 10.3000000000001 0 0 0
39.2000000000004 9.81556057014806E-10 39.2000000000004 -1.36881944293362E-9 10.4000000000001 0 0 0
39.4000000000004 8.58251168059229E-10 39.4000000000004 -1.19686581053031E-9 10.5000000000001 0 0 0
39.6000000000004 7.48727531857793E-10 39.6000000000004 -1.04413068998176E-9 10.6000000000001 0 0 0
39.8000000000005 6.51722825217956E-10 39.8000000000005 -9.08853720769723E-10 10.7000000000001 0 0 0
40.0000000000005 5.65978211628302E-10 40.0000000000005 -7.89279404693165E-10 10.8000000000001 0 0 0
40.2000000000005 4.90411707411355E-10 40.2000000000005 -6.83898871948796E-10 10.9000000000001 0 0 0
40.4000000000005 4.09892967972375E-10 40.4000000000005 -5.71612247790234E-10 11.0000000000001 0 0 0
40.7000000000005 3.27832742932031E-10 40.7000000000005 -4.5717595989411E-10 11.1000000000001 0 0 0
41.0000000000005 2.52140982598997E-10 41.0000000000005 -3.5162075245254E-10 11.2000000000001 0 0 0
41.4000000000005 1.7259151184017E-10 41.4000000000005 -2.40685812495137E-10 11.3000000000001 0 0 0
42.0000000000005 9.40584015955423E-11 42.0000000000005 -1.31168228197582E-10 11.4000000000001 0 0 0
43.0000000000005 2.81630880202399E-11 43.0000000000005 -3.92745602043325E-11 11.5000000000001 0 0 0
