-12.8999999999998 1.51672128745339E-7 -12.8999999999998 9.2655203709099E-7 -30 0 0 -0.002
-11.9999999999998 4.05747756448971E-7 -11.9999999999998 2.47869110270986E-6 -29.9 0 0 0.002
-11.4999999999998 5.75523761203733E-7 -11.4999999999998 3.51585481932088E-6 -29.8 0 30 -0.002
-11.0999999999998 7.49683759626585E-7 -11.0999999999998 4.57980716601098E-6 -29.7 0 30 0.002
-10.7999999999998 9.38902019353982E-7 -10.7999999999998 5.73575976131765E-6 -29.6 0 0 -0.002
-10.4999999999998 1.12492184717317E-6 -10.4999999999998 6.87218009860161E-6 -29.5 0 0 0.002
-10.2999999999998 1.29978243390561E-6 -10.2999999999998 7.94043518934204E-6 -29.4 0 30 -0.002
-10.0999999999998 1.49837846286083E-6 -10.0999999999998 9.15370312595645E-6 -29.3 0 30 0.002
-9.89999999999982 1.72341422732813E-6 -9.89999999999982 1.05285085619058E-5 -29.2 0 0 0.0402977
-9.69999999999983 1.97771329785157E-6 -9.69999999999983 1.20821059090311E-5 -29.1 0 0 0.0442977
-9.49999999999983 2.26443876477633E-6 -9.49999999999983 1.383382507556E-5 -29 0 30 0.0402977
-9.29999999999983 2.4989885866189E-6 -9.29999999999983 1.52667945597093E-5 -28.9 0 30 0.0442977
-9.19999999999983 2.66952601102322E-6 -9.19999999999983 1.63086933258975E-5 -28.8 0 0 0.01215565
-9.09999999999983 2.85030013980059E-6 -9.09999999999983 1.74131406946955E-5 -28.7 0 0 0.01615565
-8.99999999999983 3.04145394025568E-6 -8.99999999999983 1.85810114447134E-5 -28.6 0 30 0.01215565
-8.89999999999983 3.24339956414565E-6 -8.89999999999983 1.98148250774896E-5 -28.5 0 30 0.01615565
-8.79999999999983 3.45688684255663E-6 -8.79999999999983 2.11191643804637E-5 -28.4 0 0 0.01209925
-8.69999999999983 3.68261452921015E-6 -8.69999999999983 2.24983002941234E-5 -28.3 0 0 0.01609925
-8.59999999999983 3.92084296224615E-6 -8.59999999999983 2.39538253752591E-5 -28.2 0 30 0.01209925
-8.49999999999983 4.17190713131177E-6 -8.49999999999983 2.5487788466718E-5 -28.1 0 30 0.01609925
-8.39999999999983 4.4365072394692E-6 -8.39999999999983 2.71044700358751E-5 -28 0 0 -0.00205
-8.29999999999983 4.71556973757892E-6 -8.29999999999983 2.88095332182928E-5 -27.9 0 0 0.00195
-8.19999999999983 5.00950347614992E-6 -8.19999999999983 3.06054789376937E-5 -27.8 0 30 -0.00205
-8.09999999999983 5.31851656770943E-6 -8.09999999999983 3.24935818764473E-5 -27.7 0 30 0.00195
-7.99999999999983 5.64321104257193E-6 -7.99999999999983 3.44775238489946E-5 -27.6 0 0 -0.002
-7.89999999999983 5.98478119684387E-6 -7.89999999999983 3.6564605963781E-5 -27.5 0 0 0.002
-7.79999999999983 6.34382669084665E-6 -7.79999999999983 3.87584963818172E-5 -27.4 0 30 -0.002
-7.69999999999983 6.72036885340788E-6 -7.69999999999983 4.10593298666326E-5 -27.3 0 30 0.002
-7.59999999999983 7.11500426131551E-6 -7.59999999999983 4.34707564720828E-5 -27.2 0 0 -0.002
-7.49999999999983 7.52893343480832E-6 -7.49999999999983 4.60001172201301E-5 -27.1 0 0 0.002
-7.39999999999983 7.96297990524053E-6 -7.39999999999983 4.86524500847847E-5 -27 0 30 -0.002
-7.29999999999983 8.41722091066144E-6 -7.29999999999983 5.14282332094782E-5 -26.9 0 30 0.002
-7.19999999999983 8.8921252204277E-6 -7.19999999999983 5.43303376947227E-5 -26.8 0 0 -0.002
-7.09999999999983 9.388759452722E-6 -7.09999999999983 5.73652886747317E-5 -26.7 0 0 0.002
-6.99999999999983 9.90821055291136E-6 -6.99999999999983 6.05397362790213E-5 -26.6 0 30 -0.002
-6.89999999999984 1.04507216531768E-5 -6.89999999999984 6.38551746829437E-5 -26.5 0 30 0.002
-6.79999999999984 1.10165110013272E-5 -6.79999999999984 6.73129465296214E-5 -26.3999999999999 0 -26.3999999999999 0
-6.69999999999984 1.16064458038356E-5 -6.69999999999984 7.09183611375126E-5 -26.2999999999999 0 0 0
-6.59999999999984 1.22219256163958E-5 -6.59999999999984 7.46799823008404E-5 -26.1999999999999 0 0 0
-6.49999999999984 1.28633944807555E-5 -6.49999999999984 7.86005349376096E-5 -26.0999999999999 0 0 0
-6.39999999999984 1.35307434875886E-5 -6.39999999999984 8.26793651699112E-5 -25.9999999999999 0 0 0
-6.29999999999984 1.42245939905861E-5 -6.29999999999984 8.69202830149027E-5 -25.8999999999999 0 0 0
-6.19999999999984 1.49466068297133E-5 -6.19999999999984 9.13334532202913E-5 -25.7999999999999 0 0 0
-6.09999999999984 1.56974492722117E-5 -6.09999999999984 9.592296865437E-5 -25.6999999999999 0 0 0
-5.99999999999984 1.64767131504151E-5 -5.99999999999984 0.000100686349605199 -25.5999999999999 0 0 0
-5.89999999999984 1.72849413960785E-5 -5.89999999999984 0.000105626930587036 -25.4999999999999 0 0 0
-5.79999999999984 1.81235092360232E-5 -5.79999999999984 0.000110753135127317 -25.3999999999999 0 0 0
-5.69999999999984 1.89933425510103E-5 -5.69999999999984 0.000116070641257809 -25.2999999999999 0 0 0
-5.59999999999984 1.98942031348071E-5 -5.59999999999984 0.000121578011854598 -25.1999999999999 0 0 0
-5.49999999999984 2.08262598719311E-5 -5.49999999999984 0.000127276299168059 -25.0999999999999 0 0 0
-5.39999999999984 2.17905109455852E-5 -5.39999999999984 0.000133171626643983 -24.9999999999999 0 0 0
-5.29999999999984 2.27881735123114E-5 -5.29999999999984 0.000139271458119222 -24.8999999999999 0 0 0
-5.19999999999984 2.38192067457677E-5 -5.19999999999984 0.000145575567343721 -24.7999999999999 0 0 0
-5.09999999999984 2.48833143243754E-5 -5.09999999999984 0.000152082166732404 -24.6999999999999 0 0 0
-4.99999999999984 2.59810785648851E-5 -4.99999999999984 0.000158794841986758 -24.5999999999999 0 0 0
-4.89999999999984 2.711398660038E-5 -4.89999999999984 0.000165722713464513 -24.4999999999999 0 0 0
-4.79999999999984 2.82822082665057E-5 -4.79999999999984 0.00017286684761194 -24.3999999999999 0 0 0
-4.69999999999984 2.94849426104027E-5 -4.69999999999984 0.000180222375205096 -24.2999999999999 0 0 0
-4.59999999999984 3.07224540996853E-5 -4.59999999999984 0.000187790943047114 -24.1999999999999 0 0 0
-4.49999999999984 3.19961544094083E-5 -4.49999999999984 0.000195581216065466 -24.0999999999999 0 0 0
-4.39999999999984 3.33064187958421E-5 -4.39999999999984 0.000203595521808005 -23.9999999999999 0 0 0
-4.29999999999984 3.46522461356358E-5 -4.29999999999984 0.000211827770332074 -23.8999999999999 0 0 0
-4.19999999999984 3.60335907645948E-5 -4.19999999999984 0.000220277716121757 -23.7999999999999 0 0 0
-4.09999999999985 3.74513401423804E-5 -4.09999999999985 0.000228950823176067 -23.6999999999999 0 0 0
-3.99999999999985 3.89060807693409E-5 -3.99999999999985 0.000237850716013864 -23.5999999999999 0 0 0
-3.89999999999984 4.03969882729616E-5 -3.89999999999984 0.000246972388797884 -23.4999999999999 0 0 0
-3.79999999999984 4.19234693251336E-5 -3.79999999999984 0.000256312249330458 -23.3999999999999 0 0 0
-3.69999999999984 4.34858682945016E-5 -3.69999999999984 0.000265872443324802 -23.2999999999999 0 0 0
-3.59999999999984 4.50849420916E-5 -3.59999999999984 0.000275657642392252 -23.1999999999999 0 0 0
-3.49999999999984 4.67200633424425E-5 -3.49999999999984 0.000285664048329558 -23.0999999999999 0 0 0
-3.39999999999984 4.83900828476824E-5 -3.39999999999984 0.000295884669633441 -22.9999999999999 0 0 0
-3.29999999999984 5.00947763893977E-5 -3.29999999999984 0.000306318175231976 -22.8999999999999 0 0 0
-3.19999999999984 5.18350408225121E-5 -3.19999999999984 0.000316970096932711 -22.7999999999999 0 0 0
-3.09999999999984 5.36104060401277E-5 -3.09999999999984 0.000327837600353184 -22.6999999999999 0 0 0
-2.99999999999984 5.54191891681266E-5 -2.99999999999984 0.000338910427513883 -22.5999999999999 0 0 0
-2.89999999999984 5.72609129290691E-5 -2.89999999999984 0.000350185699227866 -22.4999999999999 0 0 0
-2.79999999999984 5.91360050824496E-5 -2.79999999999984 0.000361666077828538 -22.3999999999999 0 0 0
-2.69999999999984 6.10441193781841E-5 -2.69999999999984 0.000373349487183803 -22.2999999999999 0 0 0
-2.59999999999984 6.29836386558669E-5 -2.59999999999984 0.000385226069129605 -22.1999999999999 0 0 0
-2.49999999999984 6.49536202315115E-5 -2.49999999999984 0.000397290093852199 -22.0999999999999 0 0 0
-2.39999999999984 6.69539032066013E-5 -2.39999999999984 0.000409540618692946 -21.9999999999999 0 0 0
-2.29999999999984 6.89842196877066E-5 -2.29999999999984 0.000421976045730943 -21.8999999999999 0 0 0
-2.19999999999984 7.10431450406945E-5 -2.19999999999984 0.000434587691489082 -21.7999999999999 0 0 0
-2.09999999999984 7.31292591253374E-5 -2.09999999999984 0.000447366898122731 -21.6999999999999 0 0 0
-1.99999999999984 7.52418875955563E-5 -1.99999999999984 0.000460309574655074 -21.5999999999999 0 0 0
-1.89999999999984 7.73807753902123E-5 -1.89999999999984 0.000473414198283702 -21.4999999999999 0 0 0
-1.79999999999984 7.95446277859768E-5 -1.79999999999984 0.000486672875198813 -21.3999999999999 0 0 0
-1.69999999999984 8.17316588289096E-5 -1.69999999999984 0.000500074699601265 -21.2999999999999 0 0 0
-1.59999999999984 8.39408100208883E-5 -1.59999999999984 0.000513613220544317 -21.1999999999999 0 0 0
-1.49999999999984 8.61716838722604E-5 -1.49999999999984 0.000527286036863345 -21.0999999999999 0 0 0
-1.39999999999984 8.84230763128491E-5 -1.39999999999984 0.000541085802242788 -20.9999999999999 0 0 0
-1.29999999999984 9.06930132056338E-5 -1.29999999999984 0.000555000448018596 -20.8999999999999 0 0 0
-1.19999999999984 9.29802653688583E-5 -1.19999999999984 0.000569022468541049 -20.7999999999999 0 0 0
-1.09999999999984 9.52839715951392E-5 -1.09999999999984 0.00058314661199323 -20.6999999999999 0 0 0
-0.999999999999842 9.76029418622293E-5 -0.999999999999842 0.000597365608369386 -20.5999999999999 0 0 0
-0.899999999999842 9.99354130562513E-5 -0.899999999999842 0.000611668671004395 -20.4999999999999 0 0 0
-0.799999999999843 0.000102279891975365 -0.799999999999843 0.000626046664880872 -20.3999999999999 0 0 0
-0.699999999999843 0.000104635181946033 -0.699999999999843 0.000640492270542296 -20.2999999999999 0 0 0
-0.599999999999843 0.000107000044818617 -0.599999999999843 0.000654997911463488 -20.1999999999999 0 0 0
-0.499999999999843 0.000109372861090251 -0.499999999999843 0.000669553668935576 -20.0999999999999 0 0 0
-0.399999999999843 0.000111752019900713 -0.399999999999843 0.000684149673815678 -19.9999999999999 0 0 0
-0.299999999999843 0.00011413614912259 -0.299999999999843 0.000698777518122615 -19.8999999999999 0 0 0
-0.199999999999843 0.000116523875499153 -0.199999999999843 0.000713428783860798 -19.7999999999999 0 0 0
-0.0999999999998426 0.000118913653421371 -0.0999999999998426 0.000728093992185705 -19.6999999999999 0 0 0
1.57401869316232E-13 0.000121303926016725 1.57401869316232E-13 0.000742763591713018 -19.5999999999999 0 0 0
0.100000000000157 0.000123693285065063 0.100000000000157 0.000757428939921421 -19.4999999999999 0 0 0
0.200000000000157 0.000126080174758902 0.200000000000157 0.000772080485070926 -19.3999999999998 0 0 0
0.300000000000157 0.000128463051609407 0.300000000000157 0.000786708747608988 -19.2999999999998 0 0 0
0.400000000000157 0.000130840545434274 0.400000000000157 0.000801305308513253 -19.1999999999998 0 0 0
0.500000000000157 0.000133211288133539 0.500000000000157 0.000815861758457606 -19.0999999999998 0 0 0
0.600000000000157 0.000135573674108325 0.600000000000157 0.000830368226542123 -18.9999999999998 0 0 0
0.700000000000157 0.00013792609019142 0.700000000000157 0.000844814791942139 -18.8999999999998 0 0 0
0.800000000000157 0.000140267305106745 0.800000000000157 0.000859193875837033 -18.7999999999998 0 0 0
0.900000000000157 0.000142596129833694 0.900000000000157 0.000873498156214574 -18.6999999999998 0 0 0
1.00000000000016 0.000144911080151133 1.00000000000016 0.000887718495058233 -18.5999999999998 0 0 0
1.10000000000016 0.0001472104034278 1.10000000000016 0.000901844102202204 -18.4999999999998 0 0 0
1.20000000000016 0.000149492919962857 1.20000000000016 0.000915867704193944 -18.3999999999998 0 0 0
1.30000000000016 0.000151757778927342 1.30000000000016 0.000929784045750597 -18.2999999999998 0 0 0
1.40000000000016 0.000154003762909694 1.40000000000016 0.000943585617291714 -18.1999999999998 0 0 0
1.50000000000016 0.000156228912303991 1.50000000000016 0.000957260345300619 -18.0999999999998 0 0 0
1.60000000000016 0.000158432036424239 1.60000000000016 0.0009708008789921 -17.9999999999998 0 0 0
1.70000000000016 0.000160612749619371 1.70000000000016 0.000984204813247368 -17.8999999999998 0 0 0
1.80000000000016 0.000162770007382962 1.80000000000016 0.000997465692447655 -17.7999999999998 0 0 0
1.90000000000016 0.000164902040749926 1.90000000000016 0.00101057260512093 -17.6999999999998 0 0 0
2.00000000000016 0.00016700757112198 2.00000000000016 0.00102351765207185 -17.5999999999998 0 0 0
2.10000000000016 0.000169086356591297 2.10000000000016 0.00103629930610545 -17.4999999999998 0 0 0
2.20000000000016 0.000171137737531024 2.20000000000016 0.00104891347132943 -17.3999999999998 0 0 0
2.30000000000016 0.000173160311681297 2.30000000000016 0.00106135148392794 -17.2999999999998 0 0 0
2.40000000000016 0.00017515267289081 2.40000000000016 0.00107360465425149 -17.1999999999998 0 0 0
2.50000000000016 0.000177114567544934 2.50000000000016 0.00108567137961072 -17.0999999999998 0 0 0
2.60000000000016 0.000179045848595072 2.60000000000016 0.00109755071272178 -16.9999999999998 0 0 0
2.70000000000016 0.00018094559055376 2.70000000000016 0.00110923691802811 -16.8999999999998 0 0 0
2.80000000000016 0.000182812196873661 2.80000000000016 0.00112072013048179 -16.7999999999998 0 0 0
2.90000000000016 0.000184645336412992 2.90000000000016 0.00113199826890532 -16.6999999999998 0 0 0
3.00000000000016 0.000186445448394801 3.00000000000016 0.00114307399180378 -16.5999999999998 0 0 0
3.10000000000016 0.000188212070986682 3.10000000000016 0.00115394441483222 -16.4999999999998 0 0 0
3.20000000000016 0.000189943543005777 3.20000000000016 0.00116459927276731 -16.3999999999998 0 0 0
3.30000000000016 0.000191639410037248 3.30000000000016 0.00117503572598614 -16.2999999999998 0 0 0
3.40000000000016 0.000193300577475575 3.40000000000016 0.00118525930344428 -16.1999999999998 0 0 0
3.50000000000016 0.000194926835014486 3.50000000000016 0.00119526866942397 -16.0999999999998 0 0 0
3.60000000000016 0.000196517052427514 3.60000000000016 0.00120505682608579 -15.9999999999998 0 0 0
3.70000000000016 0.000198070618454227 3.70000000000016 0.00121461996984513 -15.8999999999998 0 0 0
3.80000000000016 0.000199588298134712 3.80000000000016 0.00122396276959835 -15.7999999999998 0 0 0
3.90000000000016 0.000201070445808915 3.90000000000016 0.00123308736772856 -15.6999999999998 0 0 0
4.00000000000016 0.000202516483353565 4.00000000000016 0.00124199016696021 -15.5999999999998 0 0 0
4.10000000000016 0.000203925602939026 4.10000000000016 0.00125066615593115 -15.4999999999998 0 0 0
4.20000000000016 0.00020529839880945 4.20000000000016 0.0012591189565739 -15.3999999999998 0 0 0
4.30000000000016 0.000206635763828233 4.30000000000016 0.00126735403108259 -15.2999999999998 0 0 0
4.40000000000016 0.000207937663070756 4.40000000000016 0.00127537113035441 -15.1999999999998 0 0 0
4.50000000000016 0.000209203112158329 4.50000000000016 0.00128316415885429 -15.0999999999998 0 0 0
4.60000000000016 0.000210432493929769 4.60000000000016 0.00129073544159721 -14.9999999999998 0 0 0
4.70000000000016 0.000211627220428057 4.70000000000016 0.00129809364338713 -14.8999999999998 0 0 0
4.80000000000016 0.000212787563452443 4.80000000000016 0.00130524040857812 -14.7999999999998 0 0 0
4.90000000000016 0.000213912736392985 4.90000000000016 0.00131217086315556 -14.6999999999998 0 0 0
5.00000000000016 0.000215002916546747 5.00000000000016 0.00131888607107267 -14.5999999999998 0 0 0
5.10000000000016 0.000216059589042972 5.10000000000016 0.00132539515335506 -14.4999999999998 0 0 0
5.20000000000016 0.000217083339879576 5.20000000000016 0.00133170169447384 -14.3999999999998 0 0 0
5.30000000000016 0.000218073882320868 5.30000000000016 0.00133780390364117 -14.2999999999998 0 0 0
5.40000000000015 0.000219031183057161 5.40000000000015 0.00134370155209457 -14.1999999999998 0 0 0
5.50000000000015 0.000219956457358728 5.50000000000015 0.00134940210429839 -14.0999999999998 0 0 0
5.60000000000015 0.000220850702602526 5.60000000000015 0.00135491168396555 -13.9999999999998 0 0 0
5.70000000000015 0.000221714092549952 5.70000000000015 0.0013602313417152 -13.8999999999998 0 0 0
5.80000000000015 0.000222546396661916 5.80000000000015 0.00136535963785926 -13.7999999999998 0 0 0
5.90000000000015 0.000223348539493406 5.90000000000015 0.00137030225086768 -13.6999999999998 0 0 0
6.00000000000015 0.000224121891163054 6.00000000000015 0.00137506760596968 -13.5999999999998 0 0 0
6.10000000000015 0.000224866995354178 6.10000000000015 0.00137965903742417 -13.4999999999998 0 0 0
6.20000000000015 0.00022558345172069 6.20000000000015 0.00138407406290124 -13.3999999999998 0 0 0
6.30000000000015 0.000226271926822008 6.30000000000015 0.00138831677549702 -13.2999999999998 0 0 0
6.40000000000015 0.000226934072788287 6.40000000000015 0.00139239734286018 -13.1999999999998 0 0 0
6.50000000000015 0.000227570509934549 6.50000000000015 0.00139631957534752 -13.0999999999998 0 0 0
6.60000000000015 0.000228181133840322 6.60000000000015 0.00140008281757226 -12.9999999999998 0 0 0
6.70000000000015 0.000228766388466251 6.70000000000015 0.00140368979446453 -12.8999999999998 0 0 0
6.80000000000015 0.000229327665461576 6.80000000000015 0.0014071490724444 -12.7999999999998 0 0 0
6.90000000000015 0.000229865828040965 6.90000000000015 0.00141046596215114 -12.6999999999998 0 0 0
7.00000000000015 0.000230381095443266 7.00000000000015 0.00141364180588028 -12.5999999999998 0 0 0
7.10000000000015 0.000230873711423163 7.10000000000015 0.00141667809757534 -12.4999999999998 0 0 0
7.20000000000015 0.000231344756529028 7.20000000000015 0.00141958148947559 -12.3999999999998 0 0 0
7.30000000000015 0.000231795290907444 7.30000000000015 0.00142235850885335 -12.2999999999998 0 0 0
7.40000000000015 0.000232225781520601 7.40000000000015 0.00142501202738585 -12.1999999999998 0 0 0
7.50000000000015 0.000232636306874312 7.50000000000015 0.00142754252275568 -12.0999999999998 0 0 0
7.60000000000015 0.000233027685481668 7.60000000000015 0.00142995503456446 -11.9999999999998 0 0 0
7.70000000000015 0.000233401109565101 7.70000000000015 0.00143225690656283 -11.8999999999998 0 0 0
7.80000000000015 0.000233757172213467 7.80000000000015 0.00143445178992701 -11.7999999999998 0 0 0
7.90000000000015 0.00023409589594181 7.90000000000015 0.00143653981896678 -11.6999999999998 0 0 0
8.00000000000015 0.000234417876663284 8.00000000000015 0.0014385246630082 -11.5999999999998 0 0 0
8.10000000000015 0.000234724299840283 8.10000000000015 0.00144041362603274 -11.4999999999998 0 0 0
8.20000000000014 0.000235015763483226 8.20000000000014 0.00144221039113139 -11.3999999999998 0 0 0
8.30000000000014 0.000235292474903059 8.30000000000014 0.00144391623316101 -11.2999999999998 0 0 0
8.40000000000014 0.000235554840370134 8.40000000000014 0.00144553365376783 -11.1999999999998 0 0 0
8.50000000000014 0.000235803779300769 8.50000000000014 0.00144706831829892 -11.0999999999998 0 0 0
8.60000000000014 0.000236039986679093 8.60000000000014 0.0014485245088506 -10.9999999999998 0 0 0
8.70000000000014 0.000236263795289959 8.70000000000014 0.00144990427485445 -10.8999999999998 0 0 0
8.80000000000014 0.000236475463834096 8.80000000000014 0.0014512092092033 -10.7999999999998 0 0 0
8.90000000000014 0.000236675685631071 8.90000000000014 0.00145244358440937 -10.6999999999998 0 0 0
9.00000000000014 0.000236865204580938 9.00000000000014 0.00145361198503573 -10.5999999999998 0 0 0
9.10000000000014 0.000237044429721833 9.10000000000014 0.00145471693139907 -10.4999999999998 0 0 0
9.20000000000014 0.000237290945330926 9.20000000000014 0.00145623674719504 -10.3999999999998 0 0 0
9.40000000000014 0.000237592428196931 9.40000000000014 0.00145809546324627 -10.2999999999998 0 0 0
9.60000000000014 0.000237860209423457 9.60000000000014 0.00145974641877171 -10.1999999999998 0 0 0
9.80000000000014 0.000238097375740709 9.80000000000014 0.00146120863821415 -10.0999999999998 0 0 0
10.0000000000001 0.000238307004983063 10.0000000000001 0.00146250109254077 -9.99999999999982 0 0 0
10.2000000000001 0.000238491742138358 10.2000000000001 0.00146364008525976 -9.89999999999982 0 0 0
10.4000000000001 0.000238688569698553 10.4000000000001 0.00146485363096954 -9.79999999999982 0 0 0
10.7000000000001 0.000238889139968335 10.7000000000001 0.0014660902609932 -9.69999999999983 0 0 0
11.0000000000001 0.000239074087843072 11.0000000000001 0.00146723057916939 -9.59999999999983 0 0 0
11.4000000000001 0.000239268296477024 11.4000000000001 0.00146842800453343 -9.49999999999983 0 0 0
12.0000000000001 0.000239459225298277 12.0000000000001 0.00146960521622059 -9.39999999999983 0 0 0
13.0000000000001 0.000239483693697806 13.0000000000001 0.00146975608146159 -9.29999999999983 0 0 0
17.8000000000001 0.000239330898067935 17.8000000000001 0.00146881398656074 -9.19999999999983 0 0 0
18.4000000000002 0.000239162855173058 18.4000000000002 0.00146777788733873 -9.09999999999983 0 0 0
18.8000000000002 0.000239002050029635 18.8000000000002 0.00146678642016532 -8.99999999999983 0 0 0
19.1000000000002 0.000238826767444245 19.1000000000002 0.00146570569778964 -8.89999999999983 0 0 0
19.4000000000002 0.000238654207875777 19.4000000000002 0.00146464177086711 -8.79999999999983 0 0 0
19.6000000000002 0.000238491742138358 19.6000000000002 0.00146364008525976 -8.69999999999983 0 0 0
19.8000000000002 0.000238307004983063 19.8000000000002 0.00146250109254077 -8.59999999999983 0 0 0
20.0000000000002 0.000238097375740709 20.0000000000002 0.00146120863821415 -8.49999999999983 0 0 0
20.2000000000002 0.000237860209423457 20.2000000000002 0.00145974641877171 -8.39999999999983 0 0 0
20.4000000000002 0.000237592428196931 20.4000000000002 0.00145809546324627 -8.29999999999983 0 0 0
20.6000000000002 0.000237372935111724 20.6000000000002 0.00145674223003768 -8.19999999999983 0 0 0
20.7000000000002 0.000237213503156475 20.7000000000002 0.00145575929825342 -8.09999999999983 0 0 0
20.8000000000002 0.000237044429721833 20.8000000000002 0.00145471693139907 -7.99999999999983 0 0 0
20.9000000000002 0.000236865204580938 20.9000000000002 0.00145361198503573 -7.89999999999983 0 0 0
21.0000000000002 0.000236675685631071 21.0000000000002 0.00145244358440936 -7.79999999999983 0 0 0
21.1000000000002 0.000236475463834096 21.1000000000002 0.0014512092092033 -7.69999999999983 0 0 0
21.2000000000002 0.000236263795289959 21.2000000000002 0.00144990427485445 -7.59999999999983 0 0 0
21.3000000000002 0.000236039986679037 21.3000000000002 0.00144852450885059 -7.49999999999983 0 0 0
21.4000000000002 0.000235803779300714 21.4000000000002 0.00144706831829892 -7.39999999999983 0 0 0
21.5000000000002 0.000235554840370134 21.5000000000002 0.00144553365376782 -7.29999999999983 0 0 0
21.6000000000002 0.000235292474903059 21.6000000000002 0.001443916233161 -7.19999999999983 0 0 0
21.7000000000002 0.000235015763483226 21.7000000000002 0.00144221039113139 -7.09999999999983 0 0 0
21.8000000000002 0.000234724299840283 21.8000000000002 0.00144041362603274 -6.99999999999983 0 0 0
21.9000000000002 0.000234417876663284 21.9000000000002 0.0014385246630082 -6.89999999999984 0 0 0
22.0000000000002 0.00023409589594181 22.0000000000002 0.00143653981896677 -6.79999999999984 0 0 0
22.1000000000002 0.000233757172213467 22.1000000000002 0.001434451789927 -6.69999999999984 0 0 0
22.2000000000002 0.000233401109565101 22.2000000000002 0.00143225690656282 -6.59999999999984 0 0 0
22.3000000000002 0.000233027685481668 22.3000000000002 0.00142995503456445 -6.49999999999984 0 0 0
22.4000000000002 0.000232636306874312 22.4000000000002 0.00142754252275567 -6.39999999999984 0 0 0
22.5000000000002 0.000232225781520601 22.5000000000002 0.00142501202738584 -6.29999999999984 0 0 0
22.6000000000002 0.000231795290907444 22.6000000000002 0.00142235850885334 -6.19999999999984 0 0 0
22.7000000000002 0.000231344756529028 22.7000000000002 0.00141958148947558 -6.09999999999984 0 0 0
22.8000000000002 0.000230873711423163 22.8000000000002 0.00141667809757533 -5.99999999999984 0 0 0
22.9000000000002 0.000230381095443266 22.9000000000002 0.00141364180588027 -5.89999999999984 0 0 0
23.0000000000002 0.000229865828040965 23.0000000000002 0.00141046596215113 -5.79999999999984 0 0 0
23.1000000000002 0.000229327665461576 23.1000000000002 0.00140714907244439 -5.69999999999984 0 0 0
23.2000000000002 0.000228766388466251 23.2000000000002 0.00140368979446452 -5.59999999999984 0 0 0
23.3000000000002 0.000228181133840322 23.3000000000002 0.00140008281757225 -5.49999999999984 0 0 0
23.4000000000002 0.000227570509934549 23.4000000000002 0.00139631957534751 -5.39999999999984 0 0 0
23.5000000000002 0.000226934072788287 23.5000000000002 0.00139239734286017 -5.29999999999984 0 0 0
23.6000000000002 0.000226271926822008 23.6000000000002 0.00138831677549701 -5.19999999999984 0 0 0
23.7000000000002 0.00022558345172069 23.7000000000002 0.00138407406290123 -5.09999999999984 0 0 0
23.8000000000002 0.000224866995354178 23.8000000000002 0.00137965903742416 -4.99999999999984 0 0 0
23.9000000000002 0.000224121891163054 23.9000000000002 0.00137506760596966 -4.89999999999984 0 0 0
24.0000000000002 0.000223348539493406 24.0000000000002 0.00137030225086766 -4.79999999999984 0 0 0
24.1000000000002 0.000222546396661916 24.1000000000002 0.00136535963785924 -4.69999999999984 0 0 0
24.2000000000002 0.000221714092549952 24.2000000000002 0.00136023134171518 -4.59999999999984 0 0 0
24.3000000000002 0.000220850702602526 24.3000000000002 0.00135491168396553 -4.49999999999984 0 0 0
24.4000000000002 0.000219956457358728 24.4000000000002 0.00134940210429837 -4.39999999999984 0 0 0
24.5000000000002 0.000219031183057161 24.5000000000002 0.00134370155209455 -4.29999999999984 0 0 0
24.6000000000002 0.000218073882320868 24.6000000000002 0.00133780390364115 -4.19999999999984 0 0 0
24.7000000000002 0.000217083339879576 24.7000000000002 0.00133170169447381 -4.09999999999985 0 0 0
24.8000000000002 0.000216059589042972 24.8000000000002 0.00132539515335504 -3.99999999999985 0 0 0
24.9000000000002 0.000215002916546747 24.9000000000002 0.00131888607107264 -3.89999999999984 0 0 0
25.0000000000002 0.000213912736392985 25.0000000000002 0.00131217086315553 -3.79999999999984 0 0 0
25.1000000000002 0.000212787563452443 25.1000000000002 0.00130524040857809 -3.69999999999984 0 0 0
25.2000000000002 0.000211627220428057 25.2000000000002 0.0012980936433871 -3.59999999999984 0 0 0
25.3000000000002 0.000210432493929769 25.3000000000002 0.00129073544159718 -3.49999999999984 0 0 0
25.4000000000003 0.000209203112158329 25.4000000000003 0.00128316415885426 -3.39999999999984 0 0 0
25.5000000000003 0.000207937663070756 25.5000000000003 0.00127537113035438 -3.29999999999984 0 0 0
25.6000000000003 0.000206635763828233 25.6000000000003 0.00126735403108256 -3.19999999999984 0 0 0
25.7000000000003 0.00020529839880945 25.7000000000003 0.00125911895657386 -3.09999999999984 0 0 0
25.8000000000003 0.000203925602939026 25.8000000000003 0.00125066615593111 -2.99999999999984 0 0 0
25.9000000000003 0.000202516483353565 25.9000000000003 0.00124199016696017 -2.89999999999984 0 0 0
26.0000000000003 0.000201070445808915 26.0000000000003 0.00123308736772853 -2.79999999999984 0 0 0
26.1000000000003 0.000199588298134712 26.1000000000003 0.00122396276959831 -2.69999999999984 0 0 0
26.2000000000003 0.000198070618454227 26.2000000000003 0.00121461996984509 -2.59999999999984 0 0 0
26.3000000000003 0.000196517052427514 26.3000000000003 0.00120505682608575 -2.49999999999984 0 0 0
26.4000000000003 0.000194926835014486 26.4000000000003 0.00119526866942393 -2.39999999999984 0 0 0
26.5000000000003 0.000193300577475575 26.5000000000003 0.00118525930344423 -2.29999999999984 0 0 0
26.6000000000003 0.000191639410037248 26.6000000000003 0.00117503572598609 -2.19999999999984 0 0 0
26.7000000000003 0.000189943543005777 26.7000000000003 0.00116459927276727 -2.09999999999984 0 0 0
26.8000000000003 0.000188212070986682 26.8000000000003 0.00115394441483218 -1.99999999999984 0 0 0
26.9000000000003 0.000186445448394801 26.9000000000003 0.00114307399180373 -1.89999999999984 0 0 0
27.0000000000003 0.000184645336412992 27.0000000000003 0.00113199826890527 -1.79999999999984 0 0 0
27.1000000000003 0.000182812196873661 27.1000000000003 0.00112072013048174 -1.69999999999984 0 0 0
27.2000000000003 0.00018094559055376 27.2000000000003 0.00110923691802806 -1.59999999999984 0 0 0
27.3000000000003 0.000179045848595072 27.3000000000003 0.00109755071272173 -1.49999999999984 0 0 0
27.4000000000003 0.000177114567544934 27.4000000000003 0.00108567137961066 -1.39999999999984 0 0 0
27.5000000000003 0.00017515267289081 27.5000000000003 0.00107360465425143 -1.29999999999984 0 0 0
27.6000000000003 0.000173160311681242 27.6000000000003 0.00106135148392789 -1.19999999999984 0 0 0
27.7000000000003 0.000171137737530969 27.7000000000003 0.00104891347132938 -1.09999999999984 0 0 0
27.8000000000003 0.000169086356591241 27.8000000000003 0.0010362993061054 -0.999999999999842 0 0 0
27.9000000000003 0.000167007571121869 27.9000000000003 0.0010235176520718 -0.899999999999842 0 0 0
28.0000000000003 0.00016490204074987 28.0000000000003 0.00101057260512087 -0.799999999999843 0 0 0
28.1000000000003 0.000162770007382962 28.1000000000003 0.000997465692447596 -0.699999999999843 0 0 0
28.2000000000003 0.000160612749619371 28.2000000000003 0.000984204813247308 -0.599999999999843 0 0 0
28.3000000000003 0.000158432036424239 28.3000000000003 0.000970800878992039 -0.499999999999843 0 0 0
28.4000000000003 0.000156228912303991 28.4000000000003 0.000957260345300557 -0.399999999999843 0 0 0
28.5000000000003 0.000154003762909694 28.5000000000003 0.000943585617291651 -0.299999999999843 0 0 0
28.6000000000003 0.000151757778927342 28.6000000000003 0.000929784045750534 -0.199999999999843 0 0 0
28.7000000000003 0.000149492919962857 28.7000000000003 0.000915867704193881 -0.0999999999998426 0 0 0
28.8000000000003 0.0001472104034278 28.8000000000003 0.00090184410220214 1.57401869316232E-13 0 0 0
28.9000000000003 0.000144911080151133 28.9000000000003 0.000887718495058169 0.100000000000157 0 0 0
29.0000000000003 0.000142596129833694 29.0000000000003 0.000873498156214508 0.200000000000157 0 0 0
29.1000000000003 0.000140267305106745 29.1000000000003 0.000859193875836967 0.300000000000157 0 0 0
29.2000000000003 0.00013792609019142 29.2000000000003 0.000844814791942072 0.400000000000157 0 0 0
29.3000000000003 0.000135573674108325 29.3000000000003 0.000830368226542055 0.500000000000157 0 0 0
29.4000000000003 0.000133211288133539 29.4000000000003 0.000815861758457538 0.600000000000157 0 0 0
29.5000000000003 0.000130840545434219 29.5000000000003 0.000801305308513185 0.700000000000157 0 0 0
29.6000000000003 0.000128463051609351 29.6000000000003 0.000786708747608919 0.800000000000157 0 0 0
29.7000000000003 0.000126080174758902 29.7000000000003 0.000772080485070857 0.900000000000157 0 0 0
29.8000000000003 0.000123693285065063 29.8000000000003 0.000757428939921351 1.00000000000016 0 0 0
29.9000000000003 0.000121303926016725 29.9000000000003 0.000742763591712948 1.10000000000016 0 0 0
30.0000000000003 0.000118913653421371 30.0000000000003 0.000728093992185635 1.20000000000016 0 0 0
30.1000000000003 0.000116523875499153 30.1000000000003 0.000713428783860729 1.30000000000016 0 0 0
30.2000000000003 0.000114136149122535 30.2000000000003 0.000698777518122545 1.40000000000016 0 0 0
30.3000000000003 0.000111752019900657 30.3000000000003 0.000684149673815608 1.50000000000016 0 0 0
30.4000000000003 0.000109372861090251 30.4000000000003 0.000669553668935506 1.60000000000016 0 0 0
30.5000000000003 0.000107000044818617 30.5000000000003 0.000654997911463418 1.70000000000016 0 0 0
30.6000000000003 0.000104635181946033 30.6000000000003 0.000640492270542227 1.80000000000016 0 0 0
30.7000000000003 0.000102279891975365 30.7000000000003 0.000626046664880802 1.90000000000016 0 0 0
30.8000000000003 9.99354130562513E-5 30.8000000000003 0.000611668671004325 2.00000000000016 0 0 0
30.9000000000003 9.76029418622293E-5 30.9000000000003 0.000597365608369317 2.10000000000016 0 0 0
31.0000000000003 9.52839715951392E-5 31.0000000000003 0.00058314661199316 2.20000000000016 0 0 0
31.1000000000003 9.29802653688583E-5 31.1000000000003 0.00056902246854098 2.30000000000016 0 0 0
31.2000000000003 9.06930132056338E-5 31.2000000000003 0.000555000448018527 2.40000000000016 0 0 0
31.3000000000003 8.84230763128491E-5 31.3000000000003 0.00054108580224272 2.50000000000016 0 0 0
31.4000000000003 8.61716838722604E-5 31.4000000000003 0.000527286036863277 2.60000000000016 0 0 0
31.5000000000003 8.39408100208883E-5 31.5000000000003 0.000513613220544249 2.70000000000016 0 0 0
31.6000000000003 8.17316588289096E-5 31.6000000000003 0.000500074699601198 2.80000000000016 0 0 0
31.7000000000003 7.95446277859768E-5 31.7000000000003 0.000486672875198746 2.90000000000016 0 0 0
31.8000000000003 7.73807753902123E-5 31.8000000000003 0.000473414198283636 3.00000000000016 0 0 0
31.9000000000003 7.52418875955563E-5 31.9000000000003 0.000460309574655009 3.10000000000016 0 0 0
32.0000000000003 7.31292591253374E-5 32.0000000000003 0.000447366898122666 3.20000000000016 0 0 0
32.1000000000003 7.10431450406945E-5 32.1000000000003 0.000434587691489019 3.30000000000016 0 0 0
32.2000000000003 6.89842196877066E-5 32.2000000000003 0.000421976045730881 3.40000000000016 0 0 0
32.3000000000003 6.69539032065458E-5 32.3000000000003 0.000409540618692884 3.50000000000016 0 0 0
32.4000000000003 6.49536202314005E-5 32.4000000000003 0.000397290093852137 3.60000000000016 0 0 0
32.5000000000003 6.29836386558114E-5 32.5000000000003 0.000385226069129544 3.70000000000016 0 0 0
32.6000000000003 6.10441193781286E-5 32.6000000000003 0.000373349487183744 3.80000000000016 0 0 0
32.7000000000004 5.91360050823941E-5 32.7000000000004 0.000361666077828479 3.90000000000016 0 0 0
32.8000000000004 5.72609129290691E-5 32.8000000000004 0.000350185699227808 4.00000000000016 0 0 0
32.9000000000004 5.54191891681266E-5 32.9000000000004 0.000338910427513826 4.10000000000016 0 0 0
33.0000000000004 5.36104060401277E-5 33.0000000000004 0.000327837600353128 4.20000000000016 0 0 0
33.1000000000004 5.18350408225121E-5 33.1000000000004 0.000316970096932655 4.30000000000016 0 0 0
33.2000000000004 5.00947763893977E-5 33.2000000000004 0.000306318175231921 4.40000000000016 0 0 0
33.3000000000004 4.83900828476269E-5 33.3000000000004 0.000295884669633387 4.50000000000016 0 0 0
33.4000000000004 4.6720063342387E-5 33.4000000000004 0.000285664048329506 4.60000000000016 0 0 0
33.5000000000004 4.50849420916E-5 33.5000000000004 0.000275657642392201 4.70000000000016 0 0 0
33.6000000000004 4.34858682944461E-5 33.6000000000004 0.000265872443324752 4.80000000000016 0 0 0
33.7000000000004 4.19234693250781E-5 33.7000000000004 0.000256312249330409 4.90000000000016 0 0 0
33.8000000000004 4.03969882729616E-5 33.8000000000004 0.000246972388797836 5.00000000000016 0 0 0
33.9000000000004 3.89060807693409E-5 33.9000000000004 0.000237850716013817 5.10000000000016 0 0 0
34.0000000000004 3.74513401423249E-5 34.0000000000004 0.000228950823176021 5.20000000000016 0 0 0
34.1000000000004 3.60335907645393E-5 34.1000000000004 0.000220277716121712 5.30000000000016 0 0 0
34.2000000000004 3.46522461356358E-5 34.2000000000004 0.00021182777033203 5.40000000000015 0 0 0
34.3000000000004 3.33064187958421E-5 34.3000000000004 0.000203595521807962 5.50000000000015 0 0 0
34.4000000000004 3.19961544094083E-5 34.4000000000004 0.000195581216065424 5.60000000000015 0 0 0
34.5000000000004 3.07224540996853E-5 34.5000000000004 0.000187790943047072 5.70000000000015 0 0 0
34.6000000000004 2.94849426104027E-5 34.6000000000004 0.000180222375205056 5.80000000000015 0 0 0
34.7000000000004 2.82822082665057E-5 34.7000000000004 0.000172866847611901 5.90000000000015 0 0 0
34.8000000000004 2.711398660038E-5 34.8000000000004 0.000165722713464475 6.00000000000015 0 0 0
34.9000000000004 2.59810785648851E-5 34.9000000000004 0.000158794841986721 6.10000000000015 0 0 0
35.0000000000004 2.48833143243754E-5 35.0000000000004 0.000152082166732368 6.20000000000015 0 0 0
35.1000000000004 2.38192067457677E-5 35.1000000000004 0.000145575567343686 6.30000000000015 0 0 0
35.2000000000004 2.27881735123114E-5 35.2000000000004 0.000139271458119188 6.40000000000015 0 0 0
35.3000000000004 2.17905109455852E-5 35.3000000000004 0.000133171626643951 6.50000000000015 0 0 0
35.4000000000004 2.08262598719311E-5 35.4000000000004 0.000127276299168027 6.60000000000015 0 0 0
35.5000000000004 1.98942031348071E-5 35.5000000000004 0.000121578011854567 6.70000000000015 0 0 0
35.6000000000004 1.89933425510103E-5 35.6000000000004 0.000116070641257779 6.80000000000015 0 0 0
35.7000000000004 1.81235092360232E-5 35.7000000000004 0.000110753135127288 6.90000000000015 0 0 0
35.8000000000004 1.72849413960785E-5 35.8000000000004 0.000105626930587008 7.00000000000015 0 0 0
35.9000000000004 1.64767131504151E-5 35.9000000000004 0.000100686349605172 7.10000000000015 0 0 0
36.0000000000004 1.56974492722117E-5 36.0000000000004 9.59229686543439E-5 7.20000000000015 0 0 0
36.1000000000004 1.49466068297133E-5 36.1000000000004 9.1333453220266E-5 7.30000000000015 0 0 0
36.2000000000004 1.42245939905861E-5 36.2000000000004 8.6920283014878E-5 7.40000000000015 0 0 0
36.3000000000004 1.35307434875886E-5 36.3000000000004 8.26793651698875E-5 7.50000000000015 0 0 0
36.4000000000004 1.28633944807555E-5 36.4000000000004 7.8600534937587E-5 7.60000000000015 0 0 0
36.5000000000004 1.22219256163958E-5 36.5000000000004 7.46799823008187E-5 7.70000000000015 0 0 0
36.6000000000004 1.16064458038356E-5 36.6000000000004 7.09183611374916E-5 7.80000000000015 0 0 0
36.7000000000004 1.10165110013272E-5 36.7000000000004 6.73129465296012E-5 7.90000000000015 0 0 0
36.8000000000004 1.04507216531768E-5 36.8000000000004 6.38551746829244E-5 8.00000000000015 0 0 0
36.9000000000004 9.90821055291136E-6 36.9000000000004 6.05397362790028E-5 8.10000000000015 0 0 0
37.0000000000004 9.388759452722E-6 37.0000000000004 5.73652886747137E-5 8.20000000000014 0 0 0
37.1000000000004 8.8921252204277E-6 37.1000000000004 5.43303376947053E-5 8.30000000000014 0 0 0
37.2000000000004 8.41722091066144E-6 37.2000000000004 5.14282332094617E-5 8.40000000000014 0 0 0
37.3000000000004 7.96297990524053E-6 37.3000000000004 4.86524500847689E-5 8.50000000000014 0 0 0
37.4000000000004 7.52893343480832E-6 37.4000000000004 4.6000117220115E-5 8.60000000000014 0 0 0
37.5000000000004 7.11500426131551E-6 37.5000000000004 4.34707564720683E-5 8.70000000000014 0 0 0
37.6000000000004 6.72036885340788E-6 37.6000000000004 4.10593298666187E-5 8.80000000000014 0 0 0
37.7000000000004 6.34382669084665E-6 37.7000000000004 3.8758496381804E-5 8.90000000000014 0 0 0
37.8000000000004 5.98478119684387E-6 37.8000000000004 3.65646059637684E-5 9.00000000000014 0 0 0
37.9000000000004 5.64321104257193E-6 37.9000000000004 3.44775238489826E-5 9.10000000000014 0 0 0
38.0000000000004 5.31851656770943E-6 38.0000000000004 3.24935818764357E-5 9.20000000000014 0 0 0
38.1000000000004 5.00950347614992E-6 38.1000000000004 3.06054789376827E-5 9.30000000000014 0 0 0
38.2000000000004 4.71556973757892E-6 38.2000000000004 2.88095332182824E-5 9.40000000000014 0 0 0
38.3000000000004 4.4365072394692E-6 38.3000000000004 2.71044700358652E-5 9.50000000000014 0 0 0
38.4000000000004 4.17190713131177E-6 38.4000000000004 2.54877884667084E-5 9.60000000000014 0 0 0
38.5000000000004 3.92084296224615E-6 38.5000000000004 2.39538253752501E-5 9.70000000000014 0 0 0
38.6000000000004 3.68261452921015E-6 38.6000000000004 2.2498300294115E-5 9.80000000000014 0 0 0
38.7000000000004 3.45688684255663E-6 38.7000000000004 2.11191643804556E-5 9.90000000000014 0 0 0
38.8000000000004 3.24339956414565E-6 38.8000000000004 1.98148250774817E-5 10.0000000000001 0 0 0
38.9000000000004 3.04145394025568E-6 38.9000000000004 1.85810114447061E-5 10.1000000000001 0 0 0
39.0000000000004 2.85030013980059E-6 39.0000000000004 1.74131406946886E-5 10.2000000000001 0 0 0
39.1000000000004 2.66952601102322E-6 39.1000000000004 1.63086933258909E-5 10.3000000000001 0 0 0
39.2000000000004 2.4208739418663E-6 39.2000000000004 1.47895575149851E-5 10.4000000000001 0 0 0
39.4000000000004 2.11677100453445E-6 39.4000000000004 1.29316619759876E-5 10.5000000000001 0 0 0
39.6000000000004 1.84665351149471E-6 39.6000000000004 1.12814163143649E-5 10.6000000000001 0 0 0
39.8000000000005 1.60740915794433E-6 39.8000000000005 9.81980017398248E-6 10.7000000000001 0 0 0
40.0000000000005 1.39593402770366E-6 40.0000000000005 8.52784580499793E-6 10.8000000000001 0 0 0
40.2000000000005 1.20956019511453E-6 40.2000000000005 7.38925024561032E-6 10.9000000000001 0 0 0
40.4000000000005 1.01097087473745E-6 40.4000000000005 6.17603757212486E-6 11.0000000000001 0 0 0
40.7000000000005 8.08578362820889E-7 40.7000000000005 4.93959907129198E-6 11.1000000000001 0 0 0
41.0000000000005 6.2189156557757E-7 41.0000000000005 3.79911757846877E-6 11.2000000000001 0 0 0
41.4000000000005 4.25688712279992E-7 41.4000000000005 2.60051070273056E-6 11.3000000000001 0 0 0
42.0000000000005 2.31991309496138E-7 42.0000000000005 1.41721822445074E-6 11.4000000000001 0 0 0
43.0000000000005 6.94633018327728E-8 43.0000000000005 4.24345254835438E-7 11.5000000000001 0 0 0
