-0.0999999999998426 0.00126589146617384 -0.0999999999998426 0.000405544137684395
-0.0999999999998426 0.00126121674794488 -0.0999999999998426 0.000406338832200515
-0.0999999999998426 0 1.57401869316232E-13 0.000406338832200515
-0.0999999999998426 0.00126121674794488 1.57401869316232E-13 0.000407133519086399
1.57401869316232E-13 0.00126121674794488 3.90000000000016 0.000407133519086399
1.57401869316232E-13 0.00125654205214143 3.90000000000016 0.000473491102353832
1.57401869316232E-13 0 7.80000000000015 0.000473491102353832
1.57401869316232E-13 0.00125654205214143 7.80000000000015 0.000511534843946361
3.90000000000016 0.00125654205214143 11.7000000000001 0.000511534843946361
3.90000000000016 0.000866032175269149 11.7000000000001 0.000792994793858775
3.90000000000016 0 15.7000000000001 0.000792994793858775
3.90000000000016 0.000866032175269149 15.7000000000001 0.00103292431475733
7.80000000000015 0.000866032175269149 19.6000000000002 0.00103292431475733
7.80000000000015 0.000649912274756415 19.6000000000002 0.00105136893959951
7.80000000000015 0 23.6000000000002 0.00105136893959951
7.80000000000015 0.000649912274756415 23.6000000000002 0.000411021413888569
11.7000000000001 0.000649912274756415 24.4000000000002 0.000411021413888569
11.7000000000001 -0.000777718554030082 24.4000000000002 0.000411081784379061
11.7000000000001 0 24.5000000000002 0.000411081784379061
11.7000000000001 -0.000777718554030082 24.5000000000002 0.000411203414241492
15.7000000000001 -0.000777718554030082 24.6000000000002 0.000411203414241492
15.7000000000001 -0.00208333120625315 24.6000000000002 0.000411414984888315
15.7000000000001 0 24.7000000000002 0.000411414984888315
15.7000000000001 -0.00208333120625315 24.7000000000002 0.000411750506763361
19.6000000000002 -0.00208333120625315 24.8000000000002 0.000411750506763361
19.6000000000002 -0.0020883954513029 24.8000000000002 0.000412247067723697
19.6000000000002 0 24.9000000000002 0.000412247067723697
19.6000000000002 -0.0020883954513029 24.9000000000002 0.000412940901086059
23.6000000000002 -0.0020883954513029 25.0000000000002 0.000412940901086059
23.6000000000002 0.000759457558601961 25.0000000000002 0.000413861574227865
23.6000000000002 0 25.1000000000002 0.000413861574227865
23.6000000000002 0.000759457558601961 25.1000000000002 0.000415026362194391
24.4000000000002 0.000759457558601961 25.2000000000002 0.000415026362194391
24.4000000000002 0.000760535966867315 25.2000000000002 0.000416433074087402
24.4000000000002 0 25.3000000000002 0.000416433074087402
24.4000000000002 0.000760535966867315 25.3000000000002 0.000418057516839939
24.5000000000002 0.000760535966867315 25.4000000000003 0.000418057516839939
24.5000000000002 0.000762327029505072 25.4000000000003 0.000419850373341549
24.5000000000002 0 25.5000000000003 0.000419850373341549
24.5000000000002 0.000762327029505072 25.5000000000003 0.000421741786118866
24.6000000000002 0.000762327029505072 25.6000000000003 0.000421741786118866
24.6000000000002 0.000765134736330109 25.6000000000003 9.61484481168697E-5
24.6000000000002 0 25.7000000000003 9.61484481168697E-5
24.6000000000002 0.000765134736330109 25.7000000000003 9.79677842419628E-5
24.7000000000002 0.000765134736330109 25.8000000000003 9.79677842419628E-5
24.7000000000002 0.000769318618359049 25.8000000000003 9.96250395398976E-5
24.7000000000002 0 25.9000000000003 9.96250395398976E-5
24.7000000000002 0.000769318618359049 25.9000000000003 0.000101049712001013
24.8000000000002 0.000769318618359049 26.0000000000003 0.000101049712001013
24.8000000000002 0.000775267117798517 26.0000000000003 0.00010219342683739
24.8000000000002 0 26.1000000000003 0.00010219342683739
24.8000000000002 0.000775267117798517 26.1000000000003 0.000103030905920043
24.9000000000002 0.000775267117798517 26.2000000000003 0.000103030905920043
24.9000000000002 0.000783357040324506 26.2000000000003 0.000103561380959024
24.9000000000002 0 26.3000000000003 0.000103561380959024
24.9000000000002 0.000783357040324506 26.3000000000003 0.000103801184445225
25.0000000000002 0.000783357040324506 26.4000000000003 0.000103801184445225
25.0000000000002 0.000793895505802 26.4000000000003 0.000103781085869469
25.0000000000002 0 26.5000000000003 0.000103781085869469
25.0000000000002 0.000793895505802 26.5000000000003 0.000103105563821482
25.1000000000002 0.000793895505802 26.7000000000003 0.000103105563821482
25.1000000000002 0.000807058205998135 26.7000000000003 0.000102521289525901
25.1000000000002 0 26.8000000000003 0.000102521289525901
25.1000000000002 0.000807058205998135 26.8000000000003 0.000101812225260111
25.2000000000002 0.000807058205998135 26.9000000000003 0.000101812225260111
25.2000000000002 0.000822826020038026 26.9000000000003 0.000101001295779162
25.2000000000002 0 27.0000000000003 0.000101001295779162
25.2000000000002 0.000822826020038026 27.0000000000003 0.00010010441150026
25.3000000000002 0.000822826020038026 27.1000000000003 0.00010010441150026
25.3000000000002 0.000840950247771866 27.1000000000003 9.91344833166484E-5
25.3000000000002 0 27.2000000000003 9.91344833166484E-5
25.3000000000002 0.000840950247771866 27.2000000000003 9.80988921574819E-5
25.4000000000003 0.000840950247771866 27.3000000000003 9.80988921574819E-5
25.4000000000003 0.000860936892254416 27.3000000000003 9.70046082917027E-5
25.4000000000003 0 27.4000000000003 9.70046082917027E-5
25.4000000000003 0.000860936892254416 27.4000000000003 9.58555856587395E-5
25.5000000000003 0.000860936892254416 27.5000000000003 9.58555856587395E-5
25.5000000000003 0.000882082640107806 27.5000000000003 9.46561261779268E-5
25.5000000000003 0 27.6000000000003 9.46561261779268E-5
25.5000000000003 0.000882082640107806 27.6000000000003 9.34097749907114E-5
25.6000000000003 0.000882082640107806 27.7000000000003 9.34097749907114E-5
25.6000000000003 0.000412792770068116 27.7000000000003 9.21202098970771E-5
25.6000000000003 0 27.8000000000003 9.21202098970771E-5
25.6000000000003 0.000412792770068116 27.8000000000003 9.07916235088646E-5
25.7000000000003 0.000412792770068116 27.9000000000003 9.07916235088646E-5
25.7000000000003 0.000433644355430141 27.9000000000003 8.94279498493587E-5
25.7000000000003 0 28.0000000000003 8.94279498493587E-5
25.7000000000003 0.000433644355430141 28.0000000000003 8.80342747811974E-5
25.8000000000003 0.000433644355430141 28.1000000000003 8.80342747811974E-5
25.8000000000003 0.000453060463375343 28.1000000000003 8.66150177722661E-5
25.8000000000003 0 28.2000000000003 8.66150177722661E-5
25.8000000000003 0.000453060463375343 28.2000000000003 8.5175709403465E-5
25.9000000000003 0.000453060463375343 28.3000000000003 8.5175709403465E-5
25.9000000000003 0.000470345455884646 28.3000000000003 8.37214592906739E-5
25.9000000000003 0 28.4000000000003 8.37214592906739E-5
25.9000000000003 0.000470345455884646 28.4000000000003 8.225782121051E-5
26.0000000000003 0.000470345455884646 28.5000000000003 8.225782121051E-5
26.0000000000003 0.000485021551164921 28.5000000000003 8.0790267360673E-5
26.0000000000003 0 28.6000000000003 8.0790267360673E-5
26.0000000000003 0.000485021551164921 28.6000000000003 7.93243263575755E-5
26.1000000000003 0.000485021551164921 28.7000000000003 7.93243263575755E-5
26.1000000000003 0.000496850591851228 28.7000000000003 7.78653289320288E-5
26.1000000000003 0 28.8000000000003 7.78653289320288E-5
26.1000000000003 0.000496850591851228 28.8000000000003 7.64187247664495E-5
26.2000000000003 0.000496850591851228 28.9000000000003 7.64187247664495E-5
26.2000000000003 0.000505831308235005 28.9000000000003 7.49892127966984E-5
26.2000000000003 0 29.0000000000003 7.49892127966984E-5
26.2000000000003 0.000505831308235005 29.0000000000003 7.35821150097188E-5
26.3000000000003 0.000505831308235005 29.1000000000003 7.35821150097188E-5
26.3000000000003 0.000512146693954163 29.1000000000003 7.22012458444943E-5
26.3000000000003 0 29.2000000000003 7.22012458444943E-5
26.3000000000003 0.000512146693954163 29.2000000000003 7.08511880539814E-5
26.4000000000003 0.000512146693954163 29.3000000000003 7.08511880539814E-5
26.4000000000003 0.0005161161706142 29.3000000000003 6.95350621558365E-5
26.4000000000003 0 29.4000000000003 6.95350621558365E-5
26.4000000000003 0.0005161161706142 29.4000000000003 6.82564132377978E-5
26.5000000000003 0.0005161161706142 29.5000000000003 6.82564132377978E-5
26.5000000000003 0.000518543608693189 29.5000000000003 6.7017867277287E-5
26.5000000000003 0 29.6000000000003 6.7017867277287E-5
26.5000000000003 0.000518543608693189 29.6000000000003 6.58214497746405E-5
26.7000000000003 0.000518543608693189 29.7000000000003 6.58214497746405E-5
26.7000000000003 0.000517747754489428 29.7000000000003 6.46693100918604E-5
26.7000000000003 0 29.8000000000003 6.46693100918604E-5
26.7000000000003 0.000517747754489428 29.8000000000003 6.35619256720606E-5
26.8000000000003 0.000517747754489428 29.9000000000003 6.35619256720606E-5
26.8000000000003 0.00051603017331614 29.9000000000003 6.25010129958413E-5
26.8000000000003 0 30.0000000000003 6.25010129958413E-5
26.8000000000003 0.00051603017331614 30.0000000000003 6.1485731535697E-5
26.9000000000003 0.00051603017331614 30.1000000000003 6.1485731535697E-5
26.9000000000003 0.000513627991809984 30.1000000000003 6.05168131613037E-5
26.9000000000003 0 30.2000000000003 6.05168131613037E-5
26.9000000000003 0.000513627991809984 30.2000000000003 5.95928933217547E-5
27.0000000000003 0.000513627991809984 30.3000000000003 5.95928933217547E-5
27.0000000000003 0.000510712273838365 30.3000000000003 5.87134104596567E-5
27.0000000000003 0 30.4000000000003 5.87134104596567E-5
27.0000000000003 0.000510712273838365 30.4000000000003 5.78768307822378E-5
27.1000000000003 0.000510712273838365 30.5000000000003 5.78768307822378E-5
27.1000000000003 0.000507408019852273 30.5000000000003 5.70814013487684E-5
27.1000000000003 0 30.6000000000003 5.70814013487684E-5
27.1000000000003 0.000507408019852273 30.6000000000003 5.63255307547719E-5
27.2000000000003 0.000507408019852273 30.7000000000003 5.63255307547719E-5
27.2000000000003 0.000503793430287169 30.7000000000003 5.56064206497917E-5
27.2000000000003 0 30.8000000000003 5.56064206497917E-5
27.2000000000003 0.000503793430287169 30.8000000000003 5.49225510335996E-5
27.3000000000003 0.000503793430287169 30.9000000000003 5.49225510335996E-5
27.3000000000003 0.0004999250728428 30.9000000000003 5.42707182732867E-5
27.3000000000003 0 31.0000000000003 5.42707182732867E-5
27.3000000000003 0.0004999250728428 31.0000000000003 5.36491311586644E-5
27.4000000000003 0.0004999250728428 31.1000000000003 5.36491311586644E-5
27.4000000000003 0.000495835658968824 31.1000000000003 5.30546143713485E-5
27.4000000000003 0 31.2000000000003 5.30546143713485E-5
27.4000000000003 0.000495835658968824 31.2000000000003 5.2484954442348E-5
27.5000000000003 0.000495835658968824 31.3000000000003 5.2484954442348E-5
27.5000000000003 0.000491550447460853 31.3000000000003 5.19373898888113E-5
27.5000000000003 0 31.4000000000003 5.19373898888113E-5
27.5000000000003 0.000491550447460853 31.4000000000003 5.14094101179587E-5
27.6000000000003 0.000491550447460853 31.5000000000003 5.14094101179587E-5
27.6000000000003 0.000487086944619963 31.5000000000003 5.08986963765473E-5
27.6000000000003 0 31.6000000000003 5.08986963765473E-5
27.6000000000003 0.000487086944619963 31.6000000000003 5.04026475049401E-5
27.7000000000003 0.000487086944619963 31.7000000000003 5.04026475049401E-5
27.7000000000003 0.000482460161892018 31.7000000000003 4.99193595883999E-5
27.7000000000003 0 31.8000000000003 4.99193595883999E-5
27.7000000000003 0.000482460161892018 31.8000000000003 4.94463462667621E-5
27.8000000000003 0.000482460161892018 31.9000000000003 4.94463462667621E-5
27.8000000000003 0.00047768504511525 31.9000000000003 4.89819894045286E-5
27.8000000000003 0 32.0000000000003 4.89819894045286E-5
27.8000000000003 0.00047768504511525 32.0000000000003 4.85241688512751E-5
27.9000000000003 0.00047768504511525 32.1000000000003 4.85241688512751E-5
27.9000000000003 0.000472775212294718 32.1000000000003 4.80713838795158E-5
27.9000000000003 0 32.2000000000003 4.80713838795158E-5
27.9000000000003 0.000472775212294718 32.2000000000003 4.76218618085357E-5
28.0000000000003 0.000472775212294718 32.3000000000003 4.76218618085357E-5
28.0000000000003 0.000467747686626496 32.3000000000003 4.71744167821887E-5
28.0000000000003 0 32.4000000000003 4.71744167821887E-5
28.0000000000003 0.000467747686626496 32.4000000000003 4.6727841915991E-5
28.1000000000003 0.000467747686626496 32.5000000000003 4.6727841915991E-5
28.1000000000003 0.000462616985089759 32.5000000000003 4.62809909466535E-5
28.1000000000003 0 32.6000000000003 4.62809909466535E-5
28.1000000000003 0.000462616985089759 32.6000000000003 4.58330135328635E-5
28.2000000000003 0.000462616985089759 32.7000000000004 4.58330135328635E-5
28.2000000000003 0.000457401298120219 32.7000000000004 4.53829819288837E-5
28.2000000000003 0 32.8000000000004 4.53829819288837E-5
28.2000000000003 0.000457401298120219 32.8000000000004 4.49303201937254E-5
28.3000000000003 0.000457401298120219 32.9000000000004 4.49303201937254E-5
28.3000000000003 0.000452117359019288 32.9000000000004 4.44743582838488E-5
28.3000000000003 0 33.0000000000004 4.44743582838488E-5
28.3000000000003 0.000452117359019288 33.0000000000004 4.40146910737768E-5
28.4000000000003 0.000452117359019288 33.1000000000004 4.40146910737768E-5
28.4000000000003 0.00044678337267845 33.1000000000004 4.35509146713205E-5
28.4000000000003 0 33.2000000000004 4.35509146713205E-5
28.4000000000003 0.00044678337267845 33.2000000000004 4.30827658848264E-5
28.5000000000003 0.00044678337267845 33.3000000000004 4.30827658848264E-5
28.5000000000003 0.000441417262625921 33.3000000000004 4.26100500962902E-5
28.5000000000003 0 33.4000000000004 4.26100500962902E-5
28.5000000000003 0.000441417262625921 33.4000000000004 4.21326365702981E-5
28.6000000000003 0.000441417262625921 33.5000000000004 4.21326365702981E-5
28.6000000000003 0.000436037138700884 33.5000000000004 4.16504907138799E-5
28.6000000000003 0 33.6000000000004 4.16504907138799E-5
28.6000000000003 0.000436037138700884 33.6000000000004 4.11635548338601E-5
28.7000000000003 0.000436037138700884 33.7000000000004 4.11635548338601E-5
28.7000000000003 0.000430660422603313 33.7000000000004 4.06719031525247E-5
28.7000000000003 0 33.8000000000004 4.06719031525247E-5
28.7000000000003 0.000430660422603313 33.8000000000004 4.0175691236218E-5
28.8000000000003 0.000430660422603313 33.9000000000004 4.0175691236218E-5
28.8000000000003 0.000425304945090521 33.9000000000004 3.96750858962376E-5
28.8000000000003 0 34.0000000000004 3.96750858962376E-5
28.8000000000003 0.000425304945090521 34.0000000000004 3.91702692715432E-5
28.9000000000003 0.000425304945090521 34.1000000000004 3.91702692715432E-5
28.9000000000003 0.000419985981504056 34.1000000000004 3.86614688648805E-5
28.9000000000003 0 34.2000000000004 3.86614688648805E-5
28.9000000000003 0.000419985981504056 34.2000000000004 3.81489337237579E-5
29.0000000000003 0.000419985981504056 34.3000000000004 3.81489337237579E-5
29.0000000000003 0.000414720931234625 34.3000000000004 3.7632942440512E-5
29.0000000000003 0 34.4000000000004 3.7632942440512E-5
29.0000000000003 0.000414720931234625 34.4000000000004 3.71137956956563E-5
29.1000000000003 0.000414720931234625 34.5000000000004 3.71137956956563E-5
29.1000000000003 0.000409522068302692 34.5000000000004 3.65918069912818E-5
29.1000000000003 0 34.6000000000004 3.65918069912818E-5
29.1000000000003 0.000409522068302692 34.6000000000004 3.60673138848455E-5
29.2000000000003 0.000409522068302692 34.7000000000004 3.60673138848455E-5
29.2000000000003 0.00040440417810339 34.7000000000004 3.5540660236485E-5
29.2000000000003 0 34.8000000000004 3.5540660236485E-5
29.2000000000003 0.00040440417810339 34.8000000000004 3.50122064603487E-5
29.3000000000003 0.00040440417810339 34.9000000000004 3.50122064603487E-5
29.3000000000003 0.000399376888996605 34.9000000000004 3.44823194630833E-5
29.3000000000003 0 35.0000000000004 3.44823194630833E-5
29.3000000000003 0.000399376888996605 35.0000000000004 3.39513744385664E-5
29.4000000000003 0.000399376888996605 35.1000000000004 3.39513744385664E-5
29.4000000000003 0.000394451977588806 35.1000000000004 3.34197482626722E-5
29.4000000000003 0 35.2000000000004 3.34197482626722E-5
29.4000000000003 0.000394451977588806 35.2000000000004 3.28878433341136E-5
29.5000000000003 0.000394451977588806 35.3000000000004 3.28878433341136E-5
29.5000000000003 0.000389637629578887 35.3000000000004 3.23560505930948E-5
29.5000000000003 0 35.4000000000004 3.23560505930948E-5
29.5000000000003 0.000389637629578887 35.4000000000004 3.18247596142051E-5
29.6000000000003 0.000389637629578887 35.5000000000004 3.18247596142051E-5
29.6000000000003 0.000384940105512155 35.5000000000004 3.12943605236086E-5
29.6000000000003 0 35.6000000000004 3.12943605236086E-5
29.6000000000003 0.000384940105512155 35.6000000000004 3.07652424925391E-5
29.7000000000003 0.000384940105512155 35.7000000000004 3.07652424925391E-5
29.7000000000003 0.000380366062490145 35.7000000000004 3.02377923386538E-5
29.7000000000003 0 35.8000000000004 3.02377923386538E-5
29.7000000000003 0.000380366062490145 35.8000000000004 2.9712394852805E-5
29.8000000000003 0.000380366062490145 35.9000000000004 2.9712394852805E-5
29.8000000000003 0.000375916499420814 35.9000000000004 2.91894289845155E-5
29.8000000000003 0 36.0000000000004 2.91894289845155E-5
29.8000000000003 0.000375916499420814 36.0000000000004 2.86692709766224E-5
29.9000000000003 0.000375916499420814 36.1000000000004 2.86692709766224E-5
29.9000000000003 0.000371596607806057 36.1000000000004 2.81522900555592E-5
29.9000000000003 0 36.2000000000004 2.81522900555592E-5
29.9000000000003 0.000371596607806057 36.2000000000004 2.76388473987329E-5
30.0000000000003 0.000371596607806057 36.3000000000004 2.76388473987329E-5
30.0000000000003 0.000367402949317586 36.3000000000004 2.71292977238315E-5
30.0000000000003 0 36.4000000000004 2.71292977238315E-5
30.0000000000003 0.000367402949317586 36.4000000000004 2.66239908907573E-5
30.1000000000003 0.000367402949317586 36.5000000000004 2.66239908907573E-5
30.1000000000003 0.000363337452652046 36.5000000000004 2.61232802962663E-5
30.1000000000003 0 36.6000000000004 2.61232802962663E-5
30.1000000000003 0.000363337452652046 36.6000000000004 2.56275546990259E-5
30.2000000000003 0.000363337452652046 36.7000000000004 2.56275546990259E-5
30.2000000000003 0.000359394899596355 36.7000000000004 2.51370647457203E-5
30.2000000000003 0 36.8000000000004 2.51370647457203E-5
30.2000000000003 0.000359394899596355 36.8000000000004 2.46521147552981E-5
30.3000000000003 0.000359394899596355 36.9000000000004 2.46521147552981E-5
30.3000000000003 0.000355572848876107 36.9000000000004 2.41730011100043E-5
30.3000000000003 0 37.0000000000004 2.41730011100043E-5
30.3000000000003 0.000355572848876107 37.0000000000004 2.37000036286668E-5
30.4000000000003 0.000355572848876107 37.1000000000004 2.37000036286668E-5
30.4000000000003 0.000351865601803003 37.1000000000004 2.32333948110087E-5
30.4000000000003 0 37.2000000000004 2.32333948110087E-5
30.4000000000003 0.000351865601803003 37.2000000000004 2.27734268654052E-5
30.5000000000003 0.000351865601803003 37.3000000000004 2.27734268654052E-5
30.5000000000003 0.000348266717412393 37.3000000000004 2.23203464413795E-5
30.5000000000003 0 37.4000000000004 2.23203464413795E-5
30.5000000000003 0.000348266717412393 37.4000000000004 2.18743824375928E-5
30.6000000000003 0.000348266717412393 37.5000000000004 2.18743824375928E-5
30.6000000000003 0.000344770332696864 37.5000000000004 2.1435747306636E-5
30.6000000000003 0 37.6000000000004 2.1435747306636E-5
30.6000000000003 0.000344770332696864 37.6000000000004 2.10046438605718E-5
30.7000000000003 0.000344770332696864 37.7000000000004 2.10046438605718E-5
30.7000000000003 0.000341366155737433 37.7000000000004 2.05812580039898E-5
30.7000000000003 0 37.8000000000004 2.05812580039898E-5
30.7000000000003 0.000341366155737433 37.8000000000004 2.01657619100753E-5
30.8000000000003 0.000341366155737433 37.9000000000004 2.01657619100753E-5
30.8000000000003 0.000338048777205668 37.9000000000004 1.97583132048492E-5
30.8000000000003 0 38.0000000000004 1.97583132048492E-5
30.8000000000003 0.000338048777205668 38.0000000000004 1.93591464995064E-5
30.9000000000003 0.000338048777205668 38.1000000000004 1.93591464995064E-5
30.9000000000003 0.000334807192102438 38.1000000000004 1.89683573669812E-5
30.9000000000003 0 38.2000000000004 1.89683573669812E-5
30.9000000000003 0.000334807192102438 38.2000000000004 1.85859989174279E-5
31.0000000000003 0.000334807192102438 38.3000000000004 1.85859989174279E-5
31.0000000000003 0.000331635012595588 38.3000000000004 1.8212167196298E-5
31.0000000000003 0 38.4000000000004 1.8212167196298E-5
31.0000000000003 0.000331635012595588 38.4000000000004 1.78469445380805E-5
31.1000000000003 0.000331635012595588 38.5000000000004 1.78469445380805E-5
31.1000000000003 0.000328521170695262 38.5000000000004 1.74904013682358E-5
31.1000000000003 0 38.6000000000004 1.74904013682358E-5
31.1000000000003 0.000328521170695262 38.6000000000004 1.71425869272063E-5
31.2000000000003 0.000328521170695262 38.7000000000004 1.71425869272063E-5
31.2000000000003 0.000325457948723296 38.7000000000004 1.68035430162823E-5
31.2000000000003 0 38.8000000000004 1.68035430162823E-5
31.2000000000003 0.000325457948723296 38.8000000000004 1.64732921118609E-5
31.3000000000003 0.000325457948723296 38.9000000000004 1.64732921118609E-5
31.3000000000003 0.000322435768072671 38.9000000000004 1.61518471646681E-5
31.3000000000003 0 39.0000000000004 1.61518471646681E-5
31.3000000000003 0.000322435768072671 39.0000000000004 1.58392084909551E-5
31.4000000000003 0.000322435768072671 39.1000000000004 1.58392084909551E-5
31.4000000000003 0.000319445959591325 39.1000000000004 1.55353569348061E-5
31.4000000000003 0 39.2000000000004 1.55353569348061E-5
31.4000000000003 0.000319445959591325 39.2000000000004 1.52402729440597E-5
31.5000000000003 0.000319445959591325 39.3000000000004 1.52402729440597E-5
31.5000000000003 0.00031648058172995 39.3000000000004 1.49539091249567E-5
31.5000000000003 0 39.4000000000004 1.49539091249567E-5
31.5000000000003 0.00031648058172995 39.4000000000004 1.46762245287113E-5
31.6000000000003 0.00031648058172995 39.5000000000004 1.46762245287113E-5
31.6000000000003 0.000313530744641688 39.5000000000004 1.44073034266969E-5
31.6000000000003 0 39.6000000000004 1.44073034266969E-5
31.6000000000003 0.000313530744641688 39.6000000000004 1.41469215377137E-5
31.7000000000003 0.000313530744641688 39.7000000000005 1.41469215377137E-5
31.7000000000003 0.000310589999702571 39.7000000000005 1.38949902412198E-5
31.7000000000003 0 39.8000000000005 1.38949902412198E-5
31.7000000000003 0.000310589999702571 39.8000000000005 1.36514208249237E-5
31.8000000000003 0.000310589999702571 39.9000000000005 1.36514208249237E-5
31.8000000000003 0.000307649960414214 39.9000000000005 1.34161109313436E-5
31.8000000000003 0 40.0000000000005 1.34161109313436E-5
31.8000000000003 0.000307649960414214 40.0000000000005 1.31889478454777E-5
31.9000000000003 0.000307649960414214 40.1000000000005 1.31889478454777E-5
31.9000000000003 0.000304705255426363 40.1000000000005 1.29698155180231E-5
31.9000000000003 0 40.2000000000005 1.29698155180231E-5
31.9000000000003 0.000304705255426363 40.2000000000005 1.27585840794944E-5
32.0000000000003 0.000304705255426363 40.3000000000005 1.27585840794944E-5
32.0000000000003 0.00030174885766221 40.3000000000005 1.25551247778821E-5
32.0000000000003 0 40.4000000000005 1.25551247778821E-5
32.0000000000003 0.00030174885766221 40.4000000000005 1.23592972281359E-5
32.1000000000003 0.00030174885766221 40.5000000000005 1.23592972281359E-5
32.1000000000003 0.000298775861107825 40.5000000000005 1.21709493799335E-5
32.1000000000003 0 40.6000000000005 1.21709493799335E-5
32.1000000000003 0.000298775861107825 40.6000000000005 1.19899413553598E-5
32.2000000000003 0.000298775861107825 40.7000000000005 1.19899413553598E-5
32.2000000000003 0.000295779961142384 40.7000000000005 1.18161102657236E-5
32.2000000000003 0 40.8000000000005 1.18161102657236E-5
32.2000000000003 0.000295779961142384 40.8000000000005 1.1649294986267E-5
32.3000000000003 0.000295779961142384 40.9000000000005 1.1649294986267E-5
32.3000000000003 0.000292758091025913 40.9000000000005 1.14893932057102E-5
32.3000000000003 0 41.0000000000005 1.14893932057102E-5
32.3000000000003 0.000292758091025913 41.0000000000005 1.13362404327414E-5
32.4000000000003 0.000292758091025913 41.1000000000005 1.13362404327414E-5
32.4000000000003 0.000289706535076317 41.1000000000005 1.11896013475348E-5
32.4000000000003 0 41.2000000000005 1.11896013475348E-5
32.4000000000003 0.000289706535076317 41.2000000000005 1.09151646775435E-5
32.5000000000003 0.000289706535076317 41.4000000000005 1.09151646775435E-5
32.5000000000003 0.000286621869961201 41.4000000000005 1.06646947475417E-5
32.5000000000003 0 41.6000000000005 1.06646947475417E-5
32.5000000000003 0.000286621869961201 41.6000000000005 1.04367716661583E-5
32.6000000000003 0.000286621869961201 41.8000000000005 1.04367716661583E-5
32.6000000000003 0.000283501720594326 41.8000000000005 1.02299910864764E-5
32.6000000000003 0 42.0000000000005 1.02299910864764E-5
32.6000000000003 0.000283501720594326 42.0000000000005 1.00429491002417E-5
32.7000000000004 0.000283501720594326 42.2000000000005 1.00429491002417E-5
32.7000000000004 0.000280343498896829 42.2000000000005 9.87426840312915E-6
32.7000000000004 0 42.4000000000005 9.87426840312915E-6
32.7000000000004 0.000280343498896829 42.4000000000005 9.72273350758813E-6
32.8000000000004 0.000280343498896829 42.6000000000005 9.72273350758813E-6
32.8000000000004 0.000277145889933439 42.6000000000005 9.52446116298042E-6
32.8000000000004 0 42.9000000000005 9.52446116298042E-6
32.8000000000004 0.000277145889933439 42.9000000000005 9.35728020857322E-6
32.9000000000004 0.000277145889933439 43.2000000000005 9.35728020857322E-6
32.9000000000004 0.000273907307882681 43.2000000000005 9.17598928057272E-6
32.9000000000004 0 43.6000000000005 9.17598928057272E-6
32.9000000000004 0.000273907307882681 43.6000000000005 9.00461138211582E-6
33.0000000000004 0.000273907307882681 44.1000000000005 9.00461138211582E-6
33.0000000000004 0.000270627127398448 44.1000000000005 8.84272788008624E-6
33.0000000000004 0 44.8000000000005 8.84272788008624E-6
33.0000000000004 0.000270627127398448 44.8000000000005 8.69280944281905E-6
33.1000000000004 0.000270627127398448 46.1000000000005 8.69280944281905E-6
33.1000000000004 0.000267304773759469 0 0
33.1000000000004 0 0 0
33.1000000000004 0.000267304773759469 0 0
33.2000000000004 0.000267304773759469 0 0
33.2000000000004 0.000263940213024894 0 0
33.2000000000004 0 0 0
33.2000000000004 0.000263940213024894 0 0
33.3000000000004 0.000263940213024894 0 0
33.3000000000004 0.000260533695170428 0 0
33.3000000000004 0 0 0
33.3000000000004 0.000260533695170428 0 0
33.4000000000004 0.000260533695170428 0 0
33.4000000000004 0.000257085744773344 0 0
33.4000000000004 0 0 0
33.4000000000004 0.000257085744773344 0 0
33.5000000000004 0.000257085744773344 0 0
33.5000000000004 0.000253597262340421 0 0
33.5000000000004 0 0 0
33.5000000000004 0.000253597262340421 0 0
33.6000000000004 0.000253597262340421 0 0
33.6000000000004 0.000250068951912708 0 0
33.6000000000004 0 0 0
33.6000000000004 0.000250068951912708 0 0
33.7000000000004 0.000250068951912708 0 0
33.7000000000004 0.000246502137318694 0 0
33.7000000000004 0 0 0
33.7000000000004 0.000246502137318694 0 0
33.8000000000004 0.000246502137318694 0 0
33.8000000000004 0.000242898770301925 0 0
33.8000000000004 0 0 0
33.8000000000004 0.000242898770301925 0 0
33.9000000000004 0.000242898770301925 0 0
33.9000000000004 0.000239260629727567 0 0
33.9000000000004 0 0 0
33.9000000000004 0.000239260629727567 0 0
34.0000000000004 0.000239260629727567 0 0
34.0000000000004 0.000235589584050011 0 0
34.0000000000004 0 0 0
34.0000000000004 0.000235589584050011 0 0
34.1000000000004 0.000235589584050011 0 0
34.1000000000004 0.000231887700592237 0 0
34.1000000000004 0 0 0
34.1000000000004 0.000231887700592237 0 0
34.2000000000004 0.000231887700592237 0 0
34.2000000000004 0.000228157145690244 0 0
34.2000000000004 0 0 0
34.2000000000004 0.000228157145690244 0 0
34.3000000000004 0.000228157145690244 0 0
34.3000000000004 0.00022440023954462 0 0
34.3000000000004 0 0 0
34.3000000000004 0.00022440023954462 0 0
34.4000000000004 0.00022440023954462 0 0
34.4000000000004 0.000220619397431565 0 0
34.4000000000004 0 0 0
34.4000000000004 0.000220619397431565 0 0
34.5000000000004 0.000220619397431565 0 0
34.5000000000004 0.000216817104380151 0 0
34.5000000000004 0 0 0
34.5000000000004 0.000216817104380151 0 0
34.6000000000004 0.000216817104380151 0 0
34.6000000000004 0.000212995960687246 0 0
34.6000000000004 0 0 0
34.6000000000004 0.000212995960687246 0 0
34.7000000000004 0.000212995960687246 0 0
34.7000000000004 0.000209158606052195 0 0
34.7000000000004 0 0 0
34.7000000000004 0.000209158606052195 0 0
34.8000000000004 0.000209158606052195 0 0
34.8000000000004 0.000205307758002093 0 0
34.8000000000004 0 0 0
34.8000000000004 0.000205307758002093 0 0
34.9000000000004 0.000205307758002093 0 0
34.9000000000004 0.000201446173203834 0 0
34.9000000000004 0 0 0
34.9000000000004 0.000201446173203834 0 0
35.0000000000004 0.000201446173203834 0 0
35.0000000000004 0.000197576645902586 0 0
35.0000000000004 0 0 0
35.0000000000004 0.000197576645902586 0 0
35.1000000000004 0.000197576645902586 0 0
35.1000000000004 0.000193701972556304 0 0
35.1000000000004 0 0 0
35.1000000000004 0.000193701972556304 0 0
35.2000000000004 0.000193701972556304 0 0
35.2000000000004 0.000189825124680909 0 0
35.2000000000004 0 0 0
35.2000000000004 0.000189825124680909 0 0
35.3000000000004 0.000189825124680909 0 0
35.3000000000004 0.00018594898104396 0 0
35.3000000000004 0 0 0
35.3000000000004 0.00018594898104396 0 0
35.4000000000004 0.00018594898104396 0 0
35.4000000000004 0.000182076405604858 0 0
35.4000000000004 0 0 0
35.4000000000004 0.000182076405604858 0 0
35.5000000000004 0.000182076405604858 0 0
35.5000000000004 0.000178210259024092 0 0
35.5000000000004 0 0 0
35.5000000000004 0.000178210259024092 0 0
35.6000000000004 0.000178210259024092 0 0
35.6000000000004 0.000174353393042725 0 0
35.6000000000004 0 0 0
35.6000000000004 0.000174353393042725 0 0
35.7000000000004 0.000174353393042725 0 0
35.7000000000004 0.000170508637353795 0 0
35.7000000000004 0 0 0
35.7000000000004 0.000170508637353795 0 0
35.8000000000004 0.000170508637353795 0 0
35.8000000000004 0.000166678805577969 0 0
35.8000000000004 0 0 0
35.8000000000004 0.000166678805577969 0 0
35.9000000000004 0.000166678805577969 0 0
35.9000000000004 0.000162866666162942 0 0
35.9000000000004 0 0 0
35.9000000000004 0.000162866666162942 0 0
36.0000000000004 0.000162866666162942 0 0
36.0000000000004 0.000159074966704975 0 0
36.0000000000004 0 0 0
36.0000000000004 0.000159074966704975 0 0
36.1000000000004 0.000159074966704975 0 0
36.1000000000004 0.000155306402443212 0 0
36.1000000000004 0 0 0
36.1000000000004 0.000155306402443212 0 0
36.2000000000004 0.000155306402443212 0 0
36.2000000000004 0.000151563609079863 0 0
36.2000000000004 0 0 0
36.2000000000004 0.000151563609079863 0 0
36.3000000000004 0.000151563609079863 0 0
36.3000000000004 0.000147849174700676 0 0
36.3000000000004 0 0 0
36.3000000000004 0.000147849174700676 0 0
36.4000000000004 0.000147849174700676 0 0
36.4000000000004 0.000144165651383865 0 0
36.4000000000004 0 0 0
36.4000000000004 0.000144165651383865 0 0
36.5000000000004 0.000144165651383865 0 0
36.5000000000004 0.0001405156167813 0 0
36.5000000000004 0 0 0
36.5000000000004 0.0001405156167813 0 0
36.6000000000004 0.0001405156167813 0 0
36.6000000000004 0.000136901905965381 0 0
36.6000000000004 0 0 0
36.6000000000004 0.000136901905965381 0 0
36.7000000000004 0.000136901905965381 0 0
36.7000000000004 0.000133326347108498 0 0
36.7000000000004 0 0 0
36.7000000000004 0.000133326347108498 0 0
36.8000000000004 0.000133326347108498 0 0
36.8000000000004 0.000129791159460879 0 0
36.8000000000004 0 0 0
36.8000000000004 0.000129791159460879 0 0
36.9000000000004 0.000129791159460879 0 0
36.9000000000004 0.000126298504351641 0 0
36.9000000000004 0 0 0
36.9000000000004 0.000126298504351641 0 0
37.0000000000004 0.000126298504351641 0 0
37.0000000000004 0.000122850422296095 0 0
37.0000000000004 0 0 0
37.0000000000004 0.000122850422296095 0 0
37.1000000000004 0.000122850422296095 0 0
37.1000000000004 0.000119448900416153 0 0
37.1000000000004 0 0 0
37.1000000000004 0.000119448900416153 0 0
37.2000000000004 0.000119448900416153 0 0
37.2000000000004 0.000116095777891068 0 0
37.2000000000004 0 0 0
37.2000000000004 0.000116095777891068 0 0
37.3000000000004 0.000116095777891068 0 0
37.3000000000004 0.00011279285335597 0 0
37.3000000000004 0 0 0
37.3000000000004 0.00011279285335597 0 0
37.4000000000004 0.00011279285335597 0 0
37.4000000000004 0.000109541796042278 0 0
37.4000000000004 0 0 0
37.4000000000004 0.000109541796042278 0 0
37.5000000000004 0.000109541796042278 0 0
37.5000000000004 0.000106344155281546 0 0
37.5000000000004 0 0 0
37.5000000000004 0.000106344155281546 0 0
37.6000000000004 0.000106344155281546 0 0
37.6000000000004 0.000103201410129206 0 0
37.6000000000004 0 0 0
37.6000000000004 0.000103201410129206 0 0
37.7000000000004 0.000103201410129206 0 0
37.7000000000004 0.000100114916383287 0 0
37.7000000000004 0 0 0
37.7000000000004 0.000100114916383287 0 0
37.8000000000004 0.000100114916383287 0 0
37.8000000000004 9.70859297420024E-5 0 0
37.8000000000004 0 0 0
37.8000000000004 9.70859297420024E-5 0 0
37.9000000000004 9.70859297420024E-5 0 0
37.9000000000004 9.41155998541721E-5 0 0
37.9000000000004 0 0 0
37.9000000000004 9.41155998541721E-5 0 0
38.0000000000004 9.41155998541721E-5 0 0
38.0000000000004 9.12056375990122E-5 0 0
38.0000000000004 0 0 0
38.0000000000004 9.12056375990122E-5 0 0
38.1000000000004 9.12056375990122E-5 0 0
38.1000000000004 8.83567402572005E-5 0 0
38.1000000000004 0 0 0
38.1000000000004 8.83567402572005E-5 0 0
38.2000000000004 8.83567402572005E-5 0 0
38.2000000000004 8.55692955441523E-5 0 0
38.2000000000004 0 0 0
38.2000000000004 8.55692955441523E-5 0 0
38.3000000000004 8.55692955441523E-5 0 0
38.3000000000004 8.28440041734657E-5 0 0
38.3000000000004 0 0 0
38.3000000000004 8.28440041734657E-5 0 0
38.4000000000004 8.28440041734657E-5 0 0
38.4000000000004 8.01814668979217E-5 0 0
38.4000000000004 0 0 0
38.4000000000004 8.01814668979217E-5 0 0
38.5000000000004 8.01814668979217E-5 0 0
38.5000000000004 7.75821976454205E-5 0 0
38.5000000000004 0 0 0
38.5000000000004 7.75821976454205E-5 0 0
38.6000000000004 7.75821976454205E-5 0 0
38.6000000000004 7.50465558934099E-5 0 0
38.6000000000004 0 0 0
38.6000000000004 7.50465558934099E-5 0 0
38.7000000000004 7.50465558934099E-5 0 0
38.7000000000004 7.25748468768384E-5 0 0
38.7000000000004 0 0 0
38.7000000000004 7.25748468768384E-5 0 0
38.8000000000004 7.25748468768384E-5 0 0
38.8000000000004 7.01672349382454E-5 0 0
38.8000000000004 0 0 0
38.8000000000004 7.01672349382454E-5 0 0
38.9000000000004 7.01672349382454E-5 0 0
38.9000000000004 6.7823814963841E-5 0 0
38.9000000000004 0 0 0
38.9000000000004 6.7823814963841E-5 0 0
39.0000000000004 6.7823814963841E-5 0 0
39.0000000000004 6.55445897191909E-5 0 0
39.0000000000004 0 0 0
39.0000000000004 6.55445897191909E-5 0 0
39.1000000000004 6.55445897191909E-5 0 0
39.1000000000004 6.3329419999314E-5 0 0
39.1000000000004 0 0 0
39.1000000000004 6.3329419999314E-5 0 0
39.2000000000004 6.3329419999314E-5 0 0
39.2000000000004 6.11781636962183E-5 0 0
39.2000000000004 0 0 0
39.2000000000004 6.11781636962183E-5 0 0
39.3000000000004 6.11781636962183E-5 0 0
39.3000000000004 5.90904757137301E-5 0 0
39.3000000000004 0 0 0
39.3000000000004 5.90904757137301E-5 0 0
39.4000000000004 5.90904757137301E-5 0 0
39.4000000000004 5.70660579264359E-5 0 0
39.4000000000004 0 0 0
39.4000000000004 5.70660579264359E-5 0 0
39.5000000000004 5.70660579264359E-5 0 0
39.5000000000004 5.51055250951338E-5 0 0
39.5000000000004 0 0 0
39.5000000000004 5.51055250951338E-5 0 0
39.6000000000004 5.51055250951338E-5 0 0
39.6000000000004 5.3207242506681E-5 0 0
39.6000000000004 0 0 0
39.6000000000004 5.3207242506681E-5 0 0
39.7000000000005 5.3207242506681E-5 0 0
39.7000000000005 5.13705644428208E-5 0 0
39.7000000000005 0 0 0
39.7000000000005 5.13705644428208E-5 0 0
39.8000000000005 5.13705644428208E-5 0 0
39.8000000000005 4.95948445006222E-5 0 0
39.8000000000005 0 0 0
39.8000000000005 4.95948445006222E-5 0 0
39.9000000000005 4.95948445006222E-5 0 0
39.9000000000005 4.78793367811869E-5 0 0
39.9000000000005 0 0 0
39.9000000000005 4.78793367811869E-5 0 0
40.0000000000005 4.78793367811869E-5 0 0
40.0000000000005 4.62232198586987E-5 0 0
40.0000000000005 0 0 0
40.0000000000005 4.62232198586987E-5 0 0
40.1000000000005 4.62232198586987E-5 0 0
40.1000000000005 4.46256479822438E-5 0 0
40.1000000000005 0 0 0
40.1000000000005 4.46256479822438E-5 0 0
40.2000000000005 4.46256479822438E-5 0 0
40.2000000000005 4.30856746292951E-5 0 0
40.2000000000005 0 0 0
40.2000000000005 4.30856746292951E-5 0 0
40.3000000000005 4.30856746292951E-5 0 0
40.3000000000005 4.16023614080441E-5 0 0
40.3000000000005 0 0 0
40.3000000000005 4.16023614080441E-5 0 0
40.4000000000005 4.16023614080441E-5 0 0
40.4000000000005 4.01746851007578E-5 0 0
40.4000000000005 0 0 0
40.4000000000005 4.01746851007578E-5 0 0
40.5000000000005 4.01746851007578E-5 0 0
40.5000000000005 3.88015374284123E-5 0 0
40.5000000000005 0 0 0
40.5000000000005 3.88015374284123E-5 0 0
40.6000000000005 3.88015374284123E-5 0 0
40.6000000000005 3.74818988396752E-5 0 0
40.6000000000005 0 0 0
40.6000000000005 3.74818988396752E-5 0 0
40.7000000000005 3.74818988396752E-5 0 0
40.7000000000005 3.62145820084203E-5 0 0
40.7000000000005 0 0 0
40.7000000000005 3.62145820084203E-5 0 0
40.8000000000005 3.62145820084203E-5 0 0
40.8000000000005 3.49984124536906E-5 0 0
40.8000000000005 0 0 0
40.8000000000005 3.49984124536906E-5 0 0
40.9000000000005 3.49984124536906E-5 0 0
40.9000000000005 3.38326444625503E-5 0 0
40.9000000000005 0 0 0
40.9000000000005 3.38326444625503E-5 0 0
41.0000000000005 3.38326444625503E-5 0 0
41.0000000000005 3.27160789841408E-5 0 0
41.0000000000005 0 0 0
41.0000000000005 3.27160789841408E-5 0 0
41.1000000000005 3.27160789841408E-5 0 0
41.1000000000005 3.16470005766734E-5 0 0
41.1000000000005 0 0 0
41.1000000000005 3.16470005766734E-5 0 0
41.2000000000005 3.16470005766734E-5 0 0
41.2000000000005 2.964620538215E-5 0 0
41.2000000000005 0 0 0
41.2000000000005 2.964620538215E-5 0 0
41.4000000000005 2.964620538215E-5 0 0
41.4000000000005 2.7820137425083E-5 0 0
41.4000000000005 0 0 0
41.4000000000005 2.7820137425083E-5 0 0
41.6000000000005 2.7820137425083E-5 0 0
41.6000000000005 2.61584458394193E-5 0 0
41.6000000000005 0 0 0
41.6000000000005 2.61584458394193E-5 0 0
41.8000000000005 2.61584458394193E-5 0 0
41.8000000000005 2.46508929314659E-5 0 0
41.8000000000005 0 0 0
41.8000000000005 2.46508929314659E-5 0 0
42.0000000000005 2.46508929314659E-5 0 0
42.0000000000005 2.32872440668608E-5 0 0
42.0000000000005 0 0 0
42.0000000000005 2.32872440668608E-5 0 0
42.2000000000005 2.32872440668608E-5 0 0
42.2000000000005 2.20574584467448E-5 0 0
42.2000000000005 0 0 0
42.2000000000005 2.20574584467448E-5 0 0
42.4000000000005 2.20574584467448E-5 0 0
42.4000000000005 2.09526749100908E-5 0 0
42.4000000000005 0 0 0
42.4000000000005 2.09526749100908E-5 0 0
42.6000000000005 2.09526749100908E-5 0 0
42.6000000000005 1.95071444538675E-5 0 0
42.6000000000005 0 0 0
42.6000000000005 1.95071444538675E-5 0 0
42.9000000000005 1.95071444538675E-5 0 0
42.9000000000005 1.82882881891722E-5 0 0
42.9000000000005 0 0 0
42.9000000000005 1.82882881891722E-5 0 0
43.2000000000005 1.82882881891722E-5 0 0
43.2000000000005 1.69665594664803E-5 0 0
43.2000000000005 0 0 0
43.2000000000005 1.69665594664803E-5 0 0
43.6000000000005 1.69665594664803E-5 0 0
43.6000000000005 1.57171015370272E-5 0 0
43.6000000000005 0 0 0
43.6000000000005 1.57171015370272E-5 0 0
44.1000000000005 1.57171015370272E-5 0 0
44.1000000000005 1.45368625595887E-5 0 0
44.1000000000005 0 0 0
44.1000000000005 1.45368625595887E-5 0 0
44.8000000000005 1.45368625595887E-5 0 0
44.8000000000005 1.34438556392835E-5 0 0
44.8000000000005 0 0 0
44.8000000000005 1.34438556392835E-5 0 0
46.1000000000005 1.34438556392835E-5 0 0
