601.35 0.013802597111535 0
611.05 0.0131091736476612 0
620.75 0.00739670864321292 0
630.45 -0.0250483589354428 0
633.9323 -0.0959800538904202 -0.02015
634.37462 -0.116281972730815 -0.02027
634.81694 -0.140847604263985 -0.02039
635.25926 -0.181506058044597 -0.02051
635.65793 -0.205382385655018 0.02126
636.10025 -0.213691764051601 0.03162
636.54257 -0.236837628378827 0.0315
636.98489 -0.275916036440953 0.03138
637.42721 -0.333728365811314 0.03126
637.86953 -0.430160436912047 0.03114
638.22358 -0.522108340253508 0.07293
638.53301 -0.654276744533886 0.07284
638.75417 -0.78595429574554 0.15655
638.93168 -0.886473414566938 0.25075
639.06457 -0.947766093805641 0.35542
639.19649 -1.00801759600081 0.44963
639.28573 -1.04058801177272 0.55432
639.374 -1.03687516457438 0.65901
639.50689 -1.03353520295004 0.76368
639.59516 -1.03380200210469 0.8579
639.68343 -0.997440763414168 0.96259
639.85997 -0.950845612035831 1.05678
639.99286 -0.940894054955745 1.16146
640.12575 -0.950234094430528 1.25566
640.21402 -0.966075178482735 1.36035
640.30326 -1.03546554030648 1.46504
640.34691 -0.992977420315014 1.67445
640.43518 -0.87394370213999 1.77914
640.4798 -0.822965635100832 1.88384
640.52442 -0.707764799715199 1.98854
640.83385 -0.24417595009212 2.05128
641.14328 0.00107666747114828 2.10356
641.27617 0.0668896396729516 2.19776
641.36444 0.135440323162491 2.30244
641.45271 0.23664479508425 2.40714
641.54195 0.346024094152752 2.51182
641.5856 0.430097302528124 2.60606
641.67387 0.647566090036533 2.71074
641.80676 1.03151555985511 2.81542
641.98427 1.586268029437 2.76302
642.07254 1.88404647520939 2.65828
642.11716 2.01817608298172 2.55356
642.16081 2.11647909722776 2.44882
642.20543 2.18191257005462 2.3441
642.2937 2.35656397395915 2.23936
642.33832 2.45378854278941 2.13464
642.38197 2.53239772751719 2.0404
642.42659 2.60248174608779 1.93567
642.47024 2.6434862599479 1.83094
642.55948 2.8335451199881 1.72621
642.60313 2.89420497907064 1.51677
642.64775 2.9092437139587 1.41205
642.69237 2.9405549087579 1.30732
642.73602 2.96935670173959 1.2026
642.78064 2.99636806742095 1.09788
642.82429 3.01881295636836 0.99315
642.86891 3.03805883588782 0.88843
642.91353 3.05517697138002 0.7837
642.95718 3.0674135681984 0.67898
643.0018 3.07674107338776 0.57426
643.04545 3.08170862745108 0.46953
643.09007 3.08315105827107 0.36481
643.13469 3.08263077549577 0.26008
643.17834 3.07774301377601 0.15536
643.22296 3.06751064501864 0.05064
643.26661 3.06248784574355 -0.04362
643.31123 3.06303447936933 -0.14834
643.35585 3.09590117326343 -0.25306
643.3995 3.084828872992 -0.4625
643.44412 2.95413105203126 -0.67194
643.53239 2.77277751047674 -0.77667
643.57701 2.71451815408352 -0.8814
643.62066 2.62383701705405 -0.98612
643.75355 2.31995708222408 -1.19558
643.93106 1.9513318783706 -1.28987
644.28414 1.44583517599811 -1.32138
644.68281 1.02278390931501 -1.30054
644.99224 0.751357690581258 -1.22733
645.25802 0.55146178252398 -1.14363
645.43456 0.448975834902462 -1.04944
645.65572 0.362314238960285 -0.95526
645.87688 0.289316373614417 -0.87155
646.09804 0.236934891324203 -0.77736
646.36382 0.19717276557889 -0.6832
646.58498 0.188362871026055 -0.59949
646.89441 0.18052872431143 -0.53674
647.16019 0.177499803484097 -0.46351
647.46962 0.211983746343007 -0.3903
647.91291 0.241681320947378 -0.37995
648.26599 0.246991105502965 -0.33816
648.66466 0.290839294451292 -0.28591
649.10698 0.352935217693271 -0.28603
649.5493 0.420746690103146 -0.28615
649.90335 0.51493601843241 -0.30719
650.16913 0.584160153461603 -0.4015
650.39029 0.633811265705185 -0.48533
650.52318 0.648506152627977 -0.59008
650.6551 0.640067889194498 -0.68435
650.74434 0.601916837783999 -0.78909
650.87626 0.475413023580363 -0.89384
651.09742 0.251413842455043 -0.91484
651.31858 0.0434780531104291 -0.83113
651.40782 -0.0118729368135271 -0.72644
651.54071 -0.0518449984665808 -0.62177
651.62898 -0.0584625325524052 -0.51708
651.71725 -0.0340447360477641 -0.42286
651.80552 0.0376482280547111 -0.31817
652.02668 0.257081080450073 -0.23446
652.29246 0.546662035232592 -0.28689
652.38073 0.643274037211113 -0.39163
652.469 0.698344937981597 -0.49636
652.55824 0.752686959531 -0.6011
652.60189 0.754098983782855 -0.69535
652.69016 0.750717714059171 -0.80009
652.73478 0.717532204895477 -0.90481
652.86767 0.625457219944182 -1.00956
652.95594 0.555902755692664 -1.11429
653.13248 0.416371060124924 -1.20858
653.26537 0.299738246633736 -1.31333
653.44288 0.0731638559700884 -1.40762
653.66404 -0.210093198467493 -1.36579
653.84058 -0.395814685037394 -1.2716
653.97347 -0.506182556386345 -1.1774
654.10636 -0.585362934242435 -1.07272
654.23925 -0.647208603472817 -0.97851
654.37214 -0.695482475548917 -0.87384
654.50406 -0.722764995423729 -0.76916
654.63695 -0.749318534718759 -0.67496
654.72522 -0.73537012595171 -0.57027
654.90273 -0.675824186039425 -0.47608
655.16851 -0.630590849698571 -0.39238
655.38967 -0.588404157711728 -0.2982
655.6991 -0.508796713334146 -0.22498
656.0968 -0.434159820548489 -0.1832
656.45085 -0.376528264095328 -0.14142
656.89317 -0.314718155166244 -0.13106
657.33549 -0.288849096200342 -0.13118
657.73416 -0.260585960938964 -0.08941
658.17648 -0.210592333847752 -0.07905
658.6188 -0.160010032367282 -0.07917
659.01747 -0.138369037013965 -0.12116
659.45979 -0.142052310992912 -0.13176
659.90211 -0.141414494460668 -0.13187
660.34443 -0.13792954613681 -0.13199
660.78675 -0.134587819582718 -0.13211
661.22907 -0.131916401254622 -0.13223
661.67139 -0.129991209445731 -0.13235
662.11371 -0.128881646682314 -0.13247
662.55603 -0.128589019061689 -0.13259
662.99932 -0.129169992154619 -0.13271
663.44164 -0.130730069016492 -0.13283
663.88396 -0.133449277996384 -0.13295
664.32628 -0.137674995306224 -0.13307
664.7686 -0.14425358325792 -0.13319
665.21092 -0.156990667374674 -0.13331
665.65324 -0.178301666427545 -0.12296
666.05191 -0.175531065421094 -0.08118
666.49423 -0.159323471288241 -0.0813
666.93655 -0.165076487819574 -0.08142
667.33425 -0.156185380312299 -0.05011
667.73292 -0.141620755096773 -0.06069
668.13062 -0.145205752230998 -0.0608
668.57294 -0.130996142013823 -0.03997
668.97161 -0.131682672633339 -0.0715
669.41393 -0.148409516302215 -0.05067
669.81163 -0.139616939709932 -0.02984
670.25492 -0.12588373579821 -0.02996
670.69724 -0.119399302765441 -0.03008
671.13956 -0.114976374028384 -0.0302
671.58188 -0.111867745034107 -0.03032
672.0242 -0.109929701824636 -0.03043
672.46652 -0.109511061230134 -0.03055
672.90884 -0.113530115709979 -0.03067
673.35116 -0.12071151880198 -0.02032
673.74983 -0.1027051108922 0.01098
674.19215 -0.0770285196861989 -0.01008
674.58985 -0.0813214139085848 -0.03113
675.03217 -0.0976399767539174 -0.03125
675.47546 -0.101893316954685 -0.01042
675.87316 -0.0754237226602844 0.01041
676.27183 -0.0654517847265846 -0.03158
676.71415 -0.0806996987806677 -0.0317
677.15647 -0.0890851395917574 -0.03182
678.95 -0.0882104986862669 0
688.65 -0.0472420736756194 0
698.35 -0.033977039269762 0
