10.0 8.82896491269e-06 7.90172296754e-06 0.0554216271194
10.6060606061 2.72302674571e-06 2.76506117388e-06 -0.00765921187604
11.2121212121 2.55064340974e-07 3.50594508346e-07 -0.157729334722
11.8181818182 7.60990398434e-07 4.00878079903e-07 0.309942411938
12.4242424242 2.4764951526e-06 1.63373717635e-06 0.205039012106
13.0303030303 3.79534951738e-06 2.72427167442e-06 0.164285287665
13.6363636364 3.93604926444e-06 2.94003450428e-06 0.144852039861
14.2424242424 3.00447615282e-06 2.34142758714e-06 0.124029275112
14.8484848485 1.68955574631e-06 1.35627539494e-06 0.109421808337
15.4545454545 6.07950181255e-07 5.2362178809e-07 0.0745232256101
16.0606060606 1.39192127201e-07 1.39747615926e-07 -0.00199142911426
16.6666666667 2.29653161233e-07 1.85913841227e-07 0.105252148864
17.2727272727 5.85662900256e-07 4.47505579673e-07 0.13372196623
17.8787878788 9.04313683308e-07 6.86299906467e-07 0.13706268967
18.4848484848 9.75707051917e-07 7.46511324209e-07 0.133081687482
19.0909090909 8.12083304798e-07 6.27950696485e-07 0.127866847692
19.696969697 5.33696693333e-07 4.11990538706e-07 0.128695990074
20.303030303 2.73663855847e-07 2.22974889013e-07 0.102064060363
20.9090909091 1.33353844775e-07 1.22567074584e-07 0.0421488412022
21.5151515152 1.26700242784e-07 1.2418726324e-07 0.0100163598599
22.1212121212 1.97687874112e-07 1.82057096331e-07 0.0411612503067
22.7272727273 2.80314003211e-07 2.45458994422e-07 0.0662928848495
23.3333333333 3.17829952531e-07 2.70495028897e-07 0.0804571030099
23.9393939394 2.99946336221e-07 2.49718275472e-07 0.0913794697361
24.5454545455 2.41658471992e-07 2.02335075698e-07 0.0885674949512
25.1515151515 1.77022405621e-07 1.49928100636e-07 0.0828697447073
25.7575757576 1.29918150734e-07 1.17574576467e-07 0.049874492906
26.3636363636 1.14968359393e-07 1.09951047089e-07 0.0223071560712
26.9696969697 1.23423784774e-07 1.21588797281e-07 0.00748936025069
27.5757575758 1.40896605427e-07 1.37436112846e-07 0.0124329349488
28.1818181818 1.55828351353e-07 1.49301381425e-07 0.0213908027542
28.7878787879 1.57659643608e-07 1.48670820531e-07 0.0293435493017
29.3939393939 1.49035252035e-07 1.39270614557e-07 0.0338690210975
30.0 1.33662323848e-07 1.24972503318e-07 0.0335988027008
30.6060606061 1.2111323269e-07 1.13463214387e-07 0.0326120477918
31.2121212121 1.1257688386e-07 1.07799354124e-07 0.0216789694739
31.8181818182 1.11579521063e-07 1.08148826781e-07 0.0156133440047
32.4242424242 1.13131653753e-07 1.11733412454e-07 0.00621813482523
33.0303030303 1.17348417016e-07 1.15499300477e-07 0.0079413127128
33.6363636364 1.18851786106e-07 1.17687019366e-07 0.00492420994991
34.2424242424 1.17464642145e-07 1.16393906341e-07 0.00457856174485
34.8484848485 1.14948639398e-07 1.1303504286e-07 0.00839356799057
35.4545454545 1.11538898614e-07 1.09933961782e-07 0.00724665238452
36.0606060606 1.08468561737e-07 1.06215376481e-07 0.0104953601776
36.6666666667 1.07583466513e-07 1.0450489265e-07 0.0145155249228
37.2727272727 1.06815663115e-07 1.05092395043e-07 0.00813214979509
37.8787878788 1.07726558387e-07 1.06179325925e-07 0.00723323936102
38.4848484848 1.07903495087e-07 1.07286329375e-07 0.00286800602055
39.0909090909 1.08271936689e-07 1.0782564616e-07 0.00206522684018
39.696969697 1.07915907884e-07 1.07547143311e-07 0.00171149795865
40.303030303 1.07108744715e-07 1.07068200506e-07 0.000189302397205
40.9090909091 1.05891142406e-07 1.05507335819e-07 0.00181555983966
41.5151515152 1.05275949363e-07 1.04955189235e-07 0.00152574984737
42.1212121212 1.04723756321e-07 1.03648715362e-07 0.00515922737344
42.7272727273 1.03996212846e-07 1.03886933472e-07 0.000525676929631
43.3333333333 1.03819473663e-07 1.0369583415e-07 0.000595809117729
43.9393939394 1.04453068826e-07 1.0381157097e-07 0.00308020534175
44.5454545455 1.05181935968e-07 1.04353867316e-07 0.00395191961932
45.1515151515 1.05585440268e-07 1.04212301745e-07 0.00654505863644
45.7575757576 1.05119055614e-07 1.04731954262e-07 0.00184464851039
46.3636363636 1.04473598435e-07 1.04796617711e-07 -0.00154355111923
46.9696969697 1.0358318217e-07 1.03591966762e-07 -4.24017652645e-05
47.5757575758 1.03222792479e-07 1.03239010441e-07 -7.85518736733e-05
48.1818181818 1.02829833224e-07 1.02905567348e-07 -0.000368114210678
48.7878787879 1.03391698559e-07 1.02726502932e-07 0.00322725321097
49.3939393939 1.02485916574e-07 1.02872682656e-07 -0.0018833693036
50.0 1.02685258928e-07 1.03334190872e-07 -0.00314985766662
50.6060606061 1.03095085479e-07 1.02543023953e-07 0.00268462654248
51.2121212121 1.0310032728e-07 1.03540726358e-07 -0.00213122741049
51.8181818182 1.03058062987e-07 1.02946540218e-07 0.000541360568426
52.4242424242 1.03934556625e-07 1.02854860627e-07 0.00522123429866
53.0303030303 1.03882727189e-07 1.0356830186e-07 0.00151566049557
53.6363636364 1.03668153009e-07 1.03141519658e-07 0.00254646382832
54.2424242424 1.02589420683e-07 1.02799467958e-07 -0.00102268081282
54.8484848485 1.03199146874e-07 1.023824798e-07 0.00397247111767
55.4545454545 1.03138998178e-07 1.02386977367e-07 0.00365900616157
56.0606060606 1.03028657311e-07 1.0243422949e-07 0.00289311529699
56.6666666667 1.02822123428e-07 1.02240329757e-07 0.0028371535712
57.2727272727 1.02830173711e-07 1.02302073593e-07 0.00257443734405
57.8787878788 1.02290763348e-07 1.02287772308e-07 1.4620500724e-05
58.4848484848 1.02360420037e-07 1.02096869895e-07 0.00128902296691
59.0909090909 1.02844458741e-07 1.02725060369e-07 0.000580817488309
59.696969697 1.02634669046e-07 1.02828548548e-07 -0.000943621465892
60.303030303 1.02906897252e-07 1.0237671893e-07 0.00258266261949
60.9090909091 1.0301726328e-07 1.02611815145e-07 0.00197174513613
61.5151515152 1.02934028947e-07 1.03161288753e-07 -0.0011026927215
62.1212121212 1.02806748013e-07 1.0258718868e-07 0.00106896696486
62.7272727273 1.02432475724e-07 1.02812861152e-07 -0.00185332068447
63.3333333333 1.02299991496e-07 1.02837711577e-07 -0.00262126402471
63.9393939394 1.02557135075e-07 1.02690184227e-07 -0.000648238192857
64.5454545455 1.01977504558e-07 1.0250957332e-07 -0.00260196765073
65.1515151515 1.02469722381e-07 1.02364171104e-07 0.000515301814538
65.7575757576 1.02204597157e-07 1.02702294083e-07 -0.00242889306117
66.3636363636 1.01989937989e-07 1.02066381908e-07 -0.000374621669358
66.9696969697 1.02635416104e-07 1.02111126092e-07 0.00256067822061
67.5757575758 1.02142052929e-07 1.0278103709e-07 -0.0031181657501
68.1818181818 1.02274736562e-07 1.02759425124e-07 -0.00236394051166
68.7878787879 1.02760282966e-07 1.02275080227e-07 0.00236643440718
69.3939393939 1.02418945259e-07 1.0244530388e-07 -0.000128663840482
70.0 1.02800477029e-07 1.02773652654e-07 0.000130485170834
