10.0 1.29810787699e-05 1.2168627695e-05 0.0323045947294
10.6060606061 3.33479598599e-06 3.27805570482e-06 0.00858030450724
11.2121212121 1.25860876923e-07 2.03294507847e-07 -0.235249473371
11.8181818182 1.53151158844e-06 1.26172637566e-06 0.096585115999
12.4242424242 4.53351285663e-06 3.76902952371e-06 0.092078221091
13.0303030303 6.59184622522e-06 5.52018064629e-06 0.0884794585003
13.6363636364 6.6777763984e-06 5.61066568498e-06 0.086838567996
14.2424242424 5.1342589526e-06 4.31084392011e-06 0.0871790433186
14.8484848485 2.90153561351e-06 2.44459160509e-06 0.0854719668538
15.4545454545 1.06767038002e-06 9.22213569298e-07 0.0730981375921
16.0606060606 1.91007352662e-07 1.81760239102e-07 0.0248066456538
16.6666666667 2.17742980248e-07 1.75715555827e-07 0.106815383497
17.2727272727 7.31988156529e-07 5.67498022592e-07 0.12658090296
17.8787878788 1.25317186166e-06 9.64913265172e-07 0.129958310888
18.4848484848 1.44931735199e-06 1.11887001208e-06 0.128669482817
19.0909090909 1.2964410718e-06 9.90742053798e-07 0.13365742978
19.696969697 9.06396439532e-07 7.00886059859e-07 0.12786201539
20.303030303 4.92328050667e-07 3.92893029167e-07 0.112327896121
20.9090909091 2.14606910717e-07 1.9222236323e-07 0.055021968478
21.5151515152 1.24508028399e-07 1.2523223286e-07 -0.00289983063779
22.1212121212 1.78394360068e-07 1.60475393024e-07 0.0528786263184
22.7272727273 2.88862962672e-07 2.32710867019e-07 0.107658959206
23.3333333333 3.68680850652e-07 2.83454512676e-07 0.130688109813
23.9393939394 3.84856221228e-07 2.92571226435e-07 0.136228602948
24.5454545455 3.37119253385e-07 2.5760564654e-07 0.133698129765
25.1515151515 2.61303062583e-07 2.079090603e-07 0.113795018669
25.7575757576 1.87500449674e-07 1.65067731735e-07 0.0636266093248
26.3636363636 1.41962463463e-07 1.39098850608e-07 0.0101885699373
26.9696969697 1.28913202251e-07 1.31539146694e-07 -0.0100822451929
27.5757575758 1.37256537409e-07 1.34011854918e-07 0.0119611520651
28.1818181818 1.51731157047e-07 1.39615830557e-07 0.0415838399081
28.7878787879 1.6245126645e-07 1.41564612496e-07 0.0687025099702
29.3939393939 1.61403984526e-07 1.38587816315e-07 0.0760559726862
30.0 1.54802089138e-07 1.32775823871e-07 0.0765923399192
30.6060606061 1.42178260262e-07 1.27690125735e-07 0.0536859272099
31.2121212121 1.3236284662e-07 1.24838585683e-07 0.0292543508426
31.8181818182 1.2594808156e-07 1.23000089189e-07 0.0118417916549
32.4242424242 1.22931253657e-07 1.22932510318e-07 -5.1112108258e-06
33.0303030303 1.2080731144e-07 1.21795254481e-07 -0.00407226954667
33.6363636364 1.20694794108e-07 1.19509776954e-07 0.00493336637475
34.2424242424 1.18614860993e-07 1.15084062355e-07 0.015108322229
34.8484848485 1.16629428516e-07 1.11477234507e-07 0.022586775595
35.4545454545 1.14277957368e-07 1.08972147788e-07 0.0237662131318
36.0606060606 1.13308056192e-07 1.08207782802e-07 0.023024418537
36.6666666667 1.12599066238e-07 1.08997162041e-07 0.0162543569688
37.2727272727 1.13887463968e-07 1.10865796528e-07 0.0134443764416
37.8787878788 1.1456349553e-07 1.12722007109e-07 0.00810209362036
38.4848484848 1.14393283901e-07 1.131844968e-07 0.00531153391402
39.0909090909 1.13412139697e-07 1.12460970575e-07 0.00421107727729
39.696969697 1.11001374183e-07 1.11068523114e-07 -0.000302377457281
40.303030303 1.0857878388e-07 1.08229902964e-07 0.00160916483899
40.9090909091 1.06486559297e-07 1.06093291674e-07 0.00184997600172
41.5151515152 1.05700628284e-07 1.0460355144e-07 0.00521661930357
42.1212121212 1.05231029423e-07 1.03993066813e-07 0.00591692177013
42.7272727273 1.0494890083e-07 1.04105256832e-07 0.00403552843563
43.3333333333 1.06518634951e-07 1.0509861949e-07 0.00671030093851
43.9393939394 1.073021751e-07 1.06566667052e-07 0.00343906125616
44.5454545455 1.08302579067e-07 1.07315335694e-07 0.00457867044158
45.1515151515 1.07449832039e-07 1.07817404681e-07 -0.00170751781979
45.7575757576 1.07160027261e-07 1.06617844555e-07 0.00253619657604
46.3636363636 1.0667381954e-07 1.06600089426e-07 0.000345706206707
46.9696969697 1.05526018657e-07 1.05150423833e-07 0.00178280409361
47.5757575758 1.04817700322e-07 1.04502005657e-07 0.00150819371678
48.1818181818 1.03943049908e-07 1.0285926709e-07 0.00524067057504
48.7878787879 1.03359314747e-07 1.03347307708e-07 5.80873455072e-05
49.3939393939 1.02866344912e-07 1.0281071686e-07 0.000270463079645
50.0 1.03732579588e-07 1.03102485566e-07 0.00304635977402
50.6060606061 1.04235056193e-07 1.03647402482e-07 0.00282685568923
51.2121212121 1.04111249074e-07 1.04344308061e-07 -0.00111802722011
51.8181818182 1.0450975737e-07 1.04240932215e-07 0.00128778091844
52.4242424242 1.04916113532e-07 1.0512202283e-07 -0.000980342433247
53.0303030303 1.04912972787e-07 1.04406907659e-07 0.00241766394639
53.6363636364 1.04133605365e-07 1.04481664005e-07 -0.00166842360394
54.2424242424 1.04206185497e-07 1.03629171198e-07 0.00277630480479
54.8484848485 1.03767513826e-07 1.03621294325e-07 0.000705050104566
55.4545454545 1.02825428966e-07 1.03409193202e-07 -0.00283058309912
56.0606060606 1.03371938559e-07 1.02809041833e-07 0.00273010985229
56.6666666667 1.02535183692e-07 1.02697918723e-07 -0.000792927793506
57.2727272727 1.02661982942e-07 1.02073374583e-07 0.00287497170044
57.8787878788 1.02906706565e-07 1.02835829231e-07 0.000344495286868
58.4848484848 1.02565450891e-07 1.02355888434e-07 0.00102264829142
59.0909090909 1.03060306245e-07 1.03192705733e-07 -0.000641927537454
59.696969697 1.03252408277e-07 1.03237435112e-07 7.25128424508e-05
60.303030303 1.02885815605e-07 1.02669300584e-07 0.00105331856967
60.9090909091 1.03270100658e-07 1.03739260548e-07 -0.00226637040493
61.5151515152 1.03675291123e-07 1.03132884121e-07 0.00262275415957
62.1212121212 1.03265638548e-07 1.03730411144e-07 -0.00224532108763
62.7272727273 1.03812268361e-07 1.02851659975e-07 0.00464816668238
63.3333333333 1.03429316897e-07 1.03162904592e-07 0.001289556321
63.9393939394 1.03034747806e-07 1.03423456062e-07 -0.00188274551051
64.5454545455 1.02833231031e-07 1.03342079662e-07 -0.00246803862723
65.1515151515 1.03020595437e-07 1.02552805268e-07 0.00227553840622
65.7575757576 1.02943159207e-07 1.02585542825e-07 0.00173998268319
66.3636363636 1.02846945639e-07 1.02490806112e-07 0.00173440842622
66.9696969697 1.02214798866e-07 1.02422789961e-07 -0.00101638753744
67.5757575758 1.02475618668e-07 1.02401427498e-07 0.000362125340976
68.1818181818 1.02397443266e-07 1.02877980215e-07 -0.0023409375619
68.7878787879 1.02730586492e-07 1.02659609119e-07 0.000345573325304
69.3939393939 1.02603978771e-07 1.02461413395e-07 0.000695219093803
70.0 1.01944614256e-07 1.02746983708e-07 -0.00391989441822
