0.003775 0.884787623424518 0.003775 2.55311 -30 0 0 0.0252755976044312
0.007549 0.781103947108777 0.007549 0.280838 -29.9 0 0 0.0292755976044312
0.011324 0.68630485817527 0.011324 0.208297 -29.8 0 4 0.0119520833333333
0.015099 0.598438034299958 0.015099 0.157497 -29.7 0 4 0.0159520833333333
0.018872 0.51593553795909 0.018872 0.115892 -29.6 0 8 -0.00137143093776452
0.022645 0.437614878245813 0.022645 0.0822439 -29.5 0 8 0.00262856906223548
0.026418 0.364522026267538 0.026418 0.056047 -29.4 0 38 -0.002
0.030189 0.292985288323544 0.030189 0.0364009 -29.3 0 38 0.002
0.033959 0.222993178568578 0.033959 0.0229907 -29.2 0 42 -0.002
0.037729 0.161337860232673 0.037729 0.0155118 -29.1 0 42 0.002
0.041496 0.111148078514549 0.041496 0.0123581 -29 0 46 -0.002
0.045263 0.0760473767604172 0.045263 0.0115624 -28.9 0 46 0.002
0.049029 0.0542099611095278 0.049029 0.011637 -28.8 0 0 0.0252755976044312
0.052791 0.0408605701483447 0.052791 0.0117737 -28.7 0 0 0.0292755976044312
0.056553 0.0322682535737475 0.056553 0.0117595 -28.6 0 4 0.0119520833333333
0.060313 0.0263475681012664 0.060313 0.0114104 -28.5 0 4 0.0159520833333333
0.06407 0.0220015050684989 0.06407 0.0108996 -28.4 0 8 -0.00137143093776452
0.067826 0.0186419790359034 0.067826 0.0102682 -28.3 0 8 0.00262856906223548
0.071579 0.0159438518144939 0.071579 0.00953549 -28.2 0 38 -0.002
0.075329 0.0137144790254856 0.075329 0.00874496 -28.1 0 38 0.002
0.079078 0.0118337081732699 0.079078 0.00793946 -28 0 42 -0.002
0.082824 0.0102251843121095 0.082824 0.00714356 -27.9 0 42 0.002
0.086565 0.00883668311903823 0.086565 0.0063571 -27.8 0 46 -0.002
0.090306 0.00762875416179178 0.090306 0.00561936 -27.7 0 46 0.002
0.094043 0.00657488680990101 0.094043 0.00494182 -27.6 0 0 0.0817189762229796
0.097775 0.00565368790813778 0.097775 0.0042823 -27.5 0 0 0.0857189762229796
0.101506 0.00484706390257383 0.101506 0.00367094 -27.4 0 4 0.08185625
0.105233 0.0041417028771632 0.105233 0.00313511 -27.3 0 4 0.08585625
0.108956 0.00352577291271285 0.108956 0.00262892 -27.2 0 8 0.0819935237770204
0.112675 0.00298914198678296 0.112675 0.00219358 -27.1 0 8 0.0859935237770204
0.116392 0.0025227548234685 0.116392 0.0018106 -27 0 38 0.0819973693736253
0.120103 0.00211932739574598 0.120103 0.00146881 -26.9 0 38 0.0859973693736253
0.123811 0.00177156798799351 0.123811 0.00116911 -26.8 0 42 0.0801313481997476
0.127515 0.00147336005209518 0.127515 0.0009114 -26.7 0 42 0.0841313481997476
0.131213 0.00121920243721849 0.131213 0.000698972 -26.6 0 46 0.0404736885460174
0.134908 0.00100377675709112 0.134908 0.000523885 -26.5 0 46 0.0444736885460175
0.138599 0.0008225313695008 0.138599 0.000383805 -26.3999999999999 0 0 -0.00136927219677133
0.142283 0.000671375325917561 0.142283 0.000270991 -26.2999999999999 0 0 0.00263072780322867
0.145965 0.000546278598437205 0.145965 0.000186612 -26.1999999999999 0 4 0.012
0.149641 0.000443921838560349 0.149641 0.000122697 -26.0999999999999 0 4 0.016
0.15331 0.000361165480844794 0.15331 7.87845E-5 -25.9999999999999 0 8 0.0253692721967713
0.156976 0.000295088086427194 0.156976 5.05275E-5 -25.8999999999999 0 8 0.0293692721967713
0.160637 0.000243196254669133 0.160637 3.53791E-5 -25.7999999999999 0 38 0.0259991231245418
0.164291 0.000203235054015922 0.164291 3.104E-5 -25.6999999999999 0 38 0.0299991231245417
0.167941 0.000173146107672573 0.167941 3.47657E-5 -25.5999999999999 0 42 0.0253771160665825
0.171584 0.000151164884114818 0.171584 4.47062E-5 -25.4999999999999 0 42 0.0293771160665825
0.175221 0.00013570848105156 0.175221 5.90753E-5 -25.3999999999999 0 46 0.0121578961820058
0.178853 0.000125404328869698 0.178853 7.58886E-5 -25.2999999999999 0 46 0.0161578961820058
0.18248 0.000119071954611494 0.18248 9.51034E-5 -25.1999999999999 0 0 -0.00136927219677133
0.186098 0.000115703228699388 0.186098 0.000114772 -25.0999999999999 0 0 0.00263072780322867
0.189712 0.000114436478901243 0.189712 0.000132712 -24.9999999999999 0 4 0.012
0.193319 0.00011455991081726 0.193319 0.00015027 -24.8999999999999 0 4 0.016
0.196919 0.00011548669126234 0.196919 0.000165828 -24.7999999999999 0 8 0.0253692721967713
0.200513 0.000116745374225094 0.200513 0.000179415 -24.6999999999999 0 8 0.0293692721967713
0.2041 0.000117965549958622 0.2041 0.000191512 -24.5999999999999 0 38 0.0259991231245418
0.207679 0.000118866280996477 0.207679 0.00020141 -24.4999999999999 0 38 0.0299991231245417
0.211252 0.000119245093182794 0.211252 0.000207909 -24.3999999999999 0 42 0.0253771160665825
0.214818 0.000118965387989448 0.214818 0.000212347 -24.2999999999999 0 42 0.0293771160665825
0.218376 0.000117947798989558 0.218376 0.000213767 -24.1999999999999 0 46 0.0121578961820058
0.221927 0.000116159722751218 0.221927 0.000214118 -24.0999999999999 0 46 0.0161578961820058
0.225471 0.000113606995033947 0.225471 0.000212005 -23.9999999999999 0 0 0.000252599297245245
0.229006 0.000110328158984193 0.229006 0.000207438 -23.8999999999999 0 0 0.00425259929724525
0.232535 0.000106380812288169 0.232535 0.000201451 -23.7999999999999 0 4 0.048
0.236056 0.000101844610280214 0.236056 0.000194749 -23.6999999999999 0 4 0.052
0.239567 9.68123148894979E-5 0.239567 0.000185326 -23.5999999999999 0 8 0.0957474007027548
0.243072 9.13748992955731E-5 0.243072 0.000175995 -23.4999999999999 0 8 0.0997474007027548
0.246568 8.56364306076339E-5 0.246568 0.00016707 -23.3999999999999 0 38 0.0979968683019348
0.250055 7.96962072806448E-5 0.250055 0.000156505 -23.2999999999999 0 38 0.101996868301935
0.253535 7.36465666295948E-5 0.253535 0.000145992 -23.1999999999999 0 42 0.0957754145235091
0.257006 6.75811626982371E-5 0.257006 0.000135263 -23.0999999999999 0 42 0.0997754145235091
0.260467 6.15846176511694E-5 0.260467 0.00012464 -22.9999999999999 0 46 0.0485639149357351
0.26392 5.57277302411228E-5 0.26392 0.000114539 -22.8999999999999 0 46 0.0525639149357351
0.267365 5.00754862374407E-5 0.267365 0.000104806 -22.7999999999999 0 0 -0.002
0.270799 4.46876779757355E-5 0.270799 9.56027E-5 -22.6999999999999 0 0 0.002
0.274225 3.96044451479867E-5 0.274225 8.67775E-5 -22.5999999999999 0 4 -0.002
0.277642 3.4862484178729E-5 0.277642 7.85801E-5 -22.4999999999999 0 4 0.002
0.281049 3.04885982573196E-5 0.281049 7.1108E-5 -22.3999999999999 0 8 -0.002
0.284447 2.64979269971045E-5 0.284447 6.39866E-5 -22.2999999999999 0 8 0.002
0.287835 2.28997525399496E-5 0.287835 5.76136E-5 -22.1999999999999 0 38 -0.002
0.291213 1.96944851217689E-5 0.291213 5.19914E-5 -22.0999999999999 0 38 0.002
0.294582 1.68750788657322E-5 0.294582 4.6857E-5 -21.9999999999999 0 42 -0.002
0.297941 1.4430487562331E-5 0.297941 4.2197E-5 -21.8999999999999 0 42 0.002
0.301288 1.23449279198572E-5 0.301288 3.82165E-5 -21.7999999999999 0 46 -0.002
0.304627 1.05950095335183E-5 0.304627 3.48366E-5 -21.6999999999999 0 46 0.002
0.307955 9.15844929244906E-6 0.307955 3.16612E-5 -21.5999999999999 0 0 -0.002
0.311272 8.00869191606865E-6 0.311272 2.91002E-5 -21.4999999999999 0 0 0.002
0.31458 7.11723754068497E-6 0.31458 2.70784E-5 -21.3999999999999 0 4 -0.002
0.317876 6.45617414567466E-6 0.317876 2.53628E-5 -21.2999999999999 0 4 0.002
0.321161 5.99621723443739E-6 0.321161 2.39348E-5 -21.1999999999999 0 8 -0.002
0.324436 5.70873135910407E-6 0.324436 2.28961E-5 -21.0999999999999 0 8 0.002
0.3277 5.56617092675399E-6 0.3277 2.21263E-5 -20.9999999999999 0 38 -0.002
0.330952 5.54209174631927E-6 0.330952 2.14978E-5 -20.8999999999999 0 38 0.002
0.334194 5.61164889941461E-6 0.334194 2.11852E-5 -20.7999999999999 0 42 -0.002
0.337424 5.75182704046871E-6 0.337424 2.091E-5 -20.6999999999999 0 42 0.002
0.340642 5.94163192520624E-6 0.340642 2.0843E-5 -20.5999999999999 0 46 -0.002
0.34385 6.16239650960263E-6 0.34385 2.0954E-5 -20.4999999999999 0 46 0.002
0.347046 6.39741550915545E-6 0.347046 2.10378E-5 -20.3999999999999 0 0 -0.002
0.350229 6.63226756020359E-6 0.350229 2.11702E-5 -20.2999999999999 0 0 0.002
0.353401 6.85496956230438E-6 0.353401 2.12229E-5 -20.1999999999999 0 4 -0.002
0.356562 7.05551351244695E-6 0.356562 2.13022E-5 -20.0999999999999 0 4 0.002
0.359709 7.22576604116098E-6 0.359709 2.15159E-5 -19.9999999999999 0 8 -0.002
0.362845 7.35985663082744E-6 0.362845 2.16501E-5 -19.8999999999999 0 8 0.002
0.365969 7.45343858160992E-6 0.365969 2.17586E-5 -19.7999999999999 0 38 -0.002
0.369079 7.50380575236659E-6 0.369079 2.19333E-5 -19.6999999999999 0 38 0.002
0.372178 7.50977113892626E-6 0.372178 2.19308E-5 -19.5999999999999 0 42 -0.002
0.375264 7.47133033967438E-6 0.375264 2.20143E-5 -19.4999999999999 0 42 0.002
0.378337 7.38960698679417E-6 0.378337 2.19424E-5 -19.3999999999998 0 46 -0.002
0.381398 7.26658667461527E-6 0.381398 2.17676E-5 -19.2999999999998 0 46 0.002
0.384446 7.10506625408125E-6 0.384446 2.15889E-5 -19.1999999999998 0 -18.9999999999998 0
0.387479 6.90854944954048E-6 0.387479 2.13745E-5 -19.0999999999998 0 0 0
0.390501 6.68057695856129E-6 0.390501 2.10705E-5 -18.9999999999998 0 0 0
0.39351 6.42537254271365E-6 0.39351 2.0698E-5 -18.8999999999998 0 0 0
0.396504 6.14741635520733E-6 0.396504 2.03616E-5 -18.7999999999998 0 0 0
0.399486 5.85079729382388E-6 0.399486 1.99223E-5 -18.6999999999998 0 0 0
0.402454 5.54004491447543E-6 0.402454 1.94627E-5 -18.5999999999998 0 0 0
0.405408 5.21939810232581E-6 0.405408 1.89001E-5 -18.4999999999998 0 0 0
0.408349 4.89280291970282E-6 0.408349 1.84514E-5 -18.3999999999998 0 0 0
0.411276 4.56419137297293E-6 0.411276 1.79175E-5 -18.2999999999998 0 0 0
0.414188 4.23721998133273E-6 0.414188 1.72901E-5 -18.1999999999998 0 0 0
0.417087 3.91489476060948E-6 0.417087 1.66629E-5 -18.0999999999998 0 0 0
0.419972 3.60022414761216E-6 0.419972 1.60298E-5 -17.9999999999998 0 0 0
0.422842 3.2958594377664E-6 0.422842 1.54051E-5 -17.8999999999998 0 0 0
0.425699 3.00378075279407E-6 0.425699 1.47428E-5 -17.7999999999998 0 0 0
0.428541 2.72603156423012E-6 0.428541 1.41143E-5 -17.6999999999998 0 0 0
0.431367 2.46418166166384E-6 0.431367 1.3398E-5 -17.5999999999998 0 0 0
0.43418 2.21910665856919E-6 0.43418 1.27965E-5 -17.4999999999998 0 0 0
0.436979 1.99174907966351E-6 0.436979 1.22117E-5 -17.3999999999998 0 0 0
0.439761 1.78287782891876E-6 0.439761 1.17459E-5 -17.2999999999998 0 0 0
0.44253 1.59245470200924E-6 0.44253 1.11338E-5 -17.1999999999998 0 0 0
0.445284 1.42065074529955E-6 0.445284 1.05686E-5 -17.0999999999998 0 0 0
0.448021 1.26736443771146E-6 0.448021 1.00114E-5 -16.9999999999998 0 0 0
0.450745 1.13196920035013E-6 0.450745 9.47678E-6 -16.8999999999998 0 0 0
0.453453 1.01405182844631E-6 0.453453 9.02418E-6 -16.7999999999998 0 0 0
0.456145 9.12878769908098E-7 0.456145 8.68557E-6 -16.6999999999998 0 0 0
0.458822 8.27569696005901E-7 0.458822 8.03638E-6 -16.5999999999998 0 0 0
0.461484 7.57195320809516E-7 0.461484 7.68534E-6 -16.4999999999998 0 0 0
0.464129 7.0079050918343E-7 0.464129 7.30016E-6 -16.3999999999998 0 0 0
0.46676 6.57228721319769E-7 0.46676 6.89633E-6 -16.2999999999998 0 0 0
0.469374 6.25464362237038E-7 0.469374 6.48794E-6 -16.1999999999998 0 0 0
0.471972 6.04361024907414E-7 0.471972 6.14666E-6 -16.0999999999998 0 0 0
0.474555 5.92798293905519E-7 0.474555 5.86162E-6 -15.9999999999998 0 0 0
0.477122 5.89680699299269E-7 0.477122 5.67096E-6 -15.8999999999998 0 0 0
0.479672 5.93924548636587E-7 0.479672 5.41511E-6 -15.7999999999998 0 0 0
0.482206 6.04482174112798E-7 0.482206 5.2684E-6 -15.6999999999998 0 0 0
0.484724 6.20351585814311E-7 0.484724 5.03161E-6 -15.5999999999998 0 0 0
0.487225 6.4057152509284E-7 0.487225 4.91246E-6 -15.4999999999998 0 0 0
0.48971 6.64250768713648E-7 0.48971 4.70594E-6 -15.3999999999998 0 0 0
0.492179 6.90551573199338E-7 0.492179 4.61904E-6 -15.2999999999998 0 0 0
0.49463 7.18674175999383E-7 0.49463 4.56785E-6 -15.1999999999998 0 0 0
0.497065 7.47927631739122E-7 0.497065 4.50812E-6 -15.0999999999998 0 0 0
0.499483 7.77652249633678E-7 0.499483 4.39515E-6 -14.9999999999998 0 0 0
0.501884 8.07264744184395E-7 0.501884 4.2792E-6 -14.8999999999998 0 0 0
0.504269 8.36258133719983E-7 0.504269 4.19526E-6 -14.7999999999998 0 0 0
0.506636 8.64151671694015E-7 0.506636 4.18701E-6 -14.6999999999998 0 0 0
0.508985 8.90551050945271E-7 0.508985 4.19265E-6 -14.5999999999998 0 0 0
0.511318 9.15141245517898E-7 0.511318 4.31008E-6 -14.4999999999998 0 0 0
0.513634 9.37628268902314E-7 0.513634 4.26162E-6 -14.3999999999998 0 0 0
0.515932 9.57773485914429E-7 0.515932 4.27709E-6 -14.2999999999998 0 0 0
0.518212 9.75398526757011E-7 0.518212 4.23441E-6 -14.1999999999998 0 0 0
0.520476 9.90382852231073E-7 0.520476 4.2795E-6 -14.0999999999998 0 0 0
0.522721 1.00261422843435E-6 0.522721 4.36506E-6 -13.9999999999998 0 0 0
0.524949 1.01205127105592E-6 0.524949 4.41262E-6 -13.8999999999998 0 0 0
0.527159 1.01867053995118E-6 0.527159 4.48643E-6 -13.7999999999998 0 0 0
0.529351 1.02248599704969E-6 0.529351 4.55657E-6 -13.6999999999998 0 0 0
0.531525 1.02353950537149E-6 0.531525 4.57019E-6 -13.5999999999998 0 0 0
0.533682 1.02189611213958E-6 0.533682 4.6005E-6 -13.4999999999998 0 0 0
0.535819 1.01764775893115E-6 0.535819 4.6789E-6 -13.3999999999998 0 0 0
0.53794 1.01089267637452E-6 0.53794 4.59793E-6 -13.2999999999998 0 0 0
0.540042 1.00176027079703E-6 0.540042 4.62752E-6 -13.1999999999998 0 0 0
0.542125 9.9038836867177E-7 0.542125 4.6384E-6 -13.0999999999998 0 0 0
0.54419 9.7691774553208E-7 0.54419 4.69941E-6 -12.9999999999998 0 0 0
0.546237 9.6150089198255E-7 0.546237 4.74191E-6 -12.8999999999998 0 0 0
0.548265 9.44305038941435E-7 0.548265 4.84435E-6 -12.7999999999998 0 0 0
0.550275 9.25485106161165E-7 0.550275 4.93514E-6 -12.6999999999998 0 0 0
0.552266 9.0521568272565E-7 0.552266 4.934E-6 -12.5999999999998 0 0 0
0.554238 8.83663394203679E-7 0.554238 4.96606E-6 -12.4999999999998 0 0 0
0.556192 8.60981545602545E-7 0.556192 5.06829E-6 -12.3999999999998 0 0 0
0.558127 8.37343466013182E-7 0.558127 5.09359E-6 -12.2999999999998 0 0 0
0.560043 8.12908118688465E-7 0.560043 5.169E-6 -12.1999999999998 0 0 0
0.56194 7.87829693233878E-7 0.56194 5.08528E-6 -12.0999999999998 0 0 0
0.563818 7.62256777834232E-7 0.563818 5.11687E-6 -11.9999999999998 0 0 0
0.565677 7.36331660437945E-7 0.565677 5.11754E-6 -11.8999999999998 0 0 0
0.567517 7.10189759122777E-7 0.567517 5.06475E-6 -11.7999999999998 0 0 0
0.569337 6.8397364452169E-7 0.569337 5.0744E-6 -11.6999999999998 0 0 0
0.571138 6.57789453226671E-7 0.571138 5.06427E-6 -11.5999999999998 0 0 0
0.57292 6.31749484886665E-7 0.57292 5.05811E-6 -11.4999999999998 0 0 0
0.574683 6.05957954334542E-7 0.574683 5.03E-6 -11.3999999999998 0 0 0
0.576426 5.80525459714273E-7 0.576426 5.0318E-6 -11.2999999999998 0 0 0
0.578149 5.55539518668647E-7 0.578149 5.08769E-6 -11.1999999999998 0 0 0
0.579854 5.31050681183582E-7 0.579854 5.02716E-6 -11.0999999999998 0 0 0
0.581538 5.07173235164736E-7 0.581538 5.05655E-6 -10.9999999999998 0 0 0
0.583203 4.83941793637128E-7 0.583203 5.00771E-6 -10.8999999999998 0 0 0
0.584848 4.61425776446829E-7 0.584848 5.07193E-6 -10.7999999999998 0 0 0
0.586473 4.39672733505952E-7 0.586473 5.0315E-6 -10.6999999999998 0 0 0
0.588078 4.18722927484138E-7 0.588078 5.11174E-6 -10.5999999999998 0 0 0
0.589663 3.98609667636826E-7 0.589663 5.01489E-6 -10.4999999999998 0 0 0
0.591229 3.79347558931079E-7 0.591229 5.02492E-6 -10.3999999999998 0 0 0
0.592774 3.60981685101863E-7 0.592774 5.09527E-6 -10.2999999999998 0 0 0
0.5943 3.43502916936571E-7 0.5943 5.02759E-6 -10.1999999999998 0 0 0
0.595805 3.26943300723854E-7 0.595805 5.07749E-6 -10.0999999999998 0 0 0
0.59729 3.1129519690101E-7 0.59729 4.92819E-6 -9.99999999999982 0 0 0
0.598755 2.96557937539505E-7 0.598755 4.90839E-6 -9.89999999999982 0 0 0
0.600199 2.82735861906525E-7 0.600199 4.84456E-6 -9.79999999999982 0 0 0
0.601624 2.69800899521785E-7 0.601624 4.71727E-6 -9.69999999999983 0 0 0
0.603028 2.57758703094196E-7 0.603028 4.75326E-6 -9.59999999999983 0 0 0
0.604411 2.46592065422417E-7 0.604411 4.76556E-6 -9.49999999999983 0 0 0
0.605774 2.36273602122665E-7 0.605774 4.71076E-6 -9.39999999999983 0 0 0
0.607117 2.26782249147215E-7 0.607117 4.64385E-6 -9.29999999999983 0 0 0
0.608439 2.18101074101957E-7 0.608439 4.70297E-6 -9.19999999999983 0 0 0
0.609741 2.10197639131924E-7 0.609741 4.65966E-6 -9.09999999999983 0 0 0
-8.99999999999983 0.0279041666655449 -8.99999999999983 0.0279041666655449 -8.99999999999983 0 0 0
0 0 0 0 -8.89999999999983 0 0 0
0 0 0 0 -8.79999999999983 0 0 0
0 0 0 0 -8.69999999999983 0 0 0
0 0 0 0 -8.59999999999983 0 0 0
0 0 0 0 -8.49999999999983 0 0 0
0 0 0 0 -8.39999999999983 0 0 0
0 0 0 0 -8.29999999999983 0 0 0
0 0 0 0 -8.19999999999983 0 0 0
0 0 0 0 -8.09999999999983 0 0 0
0 0 0 0 -7.99999999999983 0 0 0
0 0 0 0 -7.89999999999983 0 0 0
0 0 0 0 -7.79999999999983 0 0 0
0 0 0 0 -7.69999999999983 0 0 0
0 0 0 0 -7.59999999999983 0 0 0
0 0 0 0 -7.49999999999983 0 0 0
0 0 0 0 -7.39999999999983 0 0 0
0 0 0 0 -7.29999999999983 0 0 0
0 0 0 0 -7.19999999999983 0 0 0
0 0 0 0 -7.09999999999983 0 0 0
0 0 0 0 -6.99999999999983 0 0 0
0 0 0 0 -6.89999999999984 0 0 0
0 0 0 0 -6.79999999999984 0 0 0
0 0 0 0 -6.69999999999984 0 0 0
0 0 0 0 -6.59999999999984 0 0 0
0 0 0 0 -6.49999999999984 0 0 0
0 0 0 0 -6.39999999999984 0 0 0
0 0 0 0 -6.29999999999984 0 0 0
0 0 0 0 -6.19999999999984 0 0 0
0 0 0 0 -6.09999999999984 0 0 0
0 0 0 0 -5.99999999999984 0 0 0
0 0 0 0 -5.89999999999984 0 0 0
0 0 0 0 -5.79999999999984 0 0 0
0 0 0 0 -5.69999999999984 0 0 0
0 0 0 0 -5.59999999999984 0 0 0
0 0 0 0 -5.49999999999984 0 0 0
0 0 0 0 -5.39999999999984 0 0 0
0 0 0 0 -5.29999999999984 0 0 0
0 0 0 0 -5.19999999999984 0 0 0
0 0 0 0 -5.09999999999984 0 0 0
0 0 0 0 -4.99999999999984 0 0 0
0 0 0 0 -4.89999999999984 0 0 0
0 0 0 0 -4.79999999999984 0 0 0
0 0 0 0 -4.69999999999984 0 0 0
0 0 0 0 -4.59999999999984 0 0 0
0 0 0 0 -4.49999999999984 0 0 0
0 0 0 0 -4.39999999999984 0 0 0
0 0 0 0 -4.29999999999984 0 0 0
0 0 0 0 -4.19999999999984 0 0 0
0 0 0 0 -4.09999999999985 0 0 0
0 0 0 0 -3.99999999999985 0 0 0
0 0 0 0 -3.89999999999984 0 0 0
0 0 0 0 -3.79999999999984 0 0 0
0 0 0 0 -3.69999999999984 0 0 0
0 0 0 0 -3.59999999999984 0 0 0
0 0 0 0 -3.49999999999984 0 0 0
0 0 0 0 -3.39999999999984 0 0 0
0 0 0 0 -3.29999999999984 0 0 0
0 0 0 0 -3.19999999999984 0 0 0
0 0 0 0 -3.09999999999984 0 0 0
0 0 0 0 -2.99999999999984 0 0 0
0 0 0 0 -2.89999999999984 0 0 0
0 0 0 0 -2.79999999999984 0 0 0
0 0 0 0 -2.69999999999984 0 0 0
0 0 0 0 -2.59999999999984 0 0 0
0 0 0 0 -2.49999999999984 0 0 0
0 0 0 0 -2.39999999999984 0 0 0
0 0 0 0 -2.29999999999984 0 0 0
0 0 0 0 -2.19999999999984 0 0 0
0 0 0 0 -2.09999999999984 0 0 0
0 0 0 0 -1.99999999999984 0 0 0
0 0 0 0 -1.89999999999984 0 0 0
0 0 0 0 -1.79999999999984 0 0 0
0 0 0 0 -1.69999999999984 0 0 0
0 0 0 0 -1.59999999999984 0 0 0
0 0 0 0 -1.49999999999984 0 0 0
0 0 0 0 -1.39999999999984 0 0 0
0 0 0 0 -1.29999999999984 0 0 0
0 0 0 0 -1.19999999999984 0 0 0
0 0 0 0 -1.09999999999984 0 0 0
0 0 0 0 -0.999999999999842 0 0 0
0 0 0 0 -0.899999999999842 0 0 0
0 0 0 0 -0.799999999999843 0 0 0
0 0 0 0 -0.699999999999843 0 0 0
0 0 0 0 -0.599999999999843 0 0 0
0 0 0 0 -0.499999999999843 0 0 0
0 0 0 0 -0.399999999999843 0 0 0
0 0 0 0 -0.299999999999843 0 0 0
0 0 0 0 -0.199999999999843 0 0 0
0 0 0 0 -0.0999999999998426 0 0 0
0 0 0 0 1.57401869316232E-13 0 0 0
0 0 0 0 0.100000000000157 0 0 0
0 0 0 0 0.200000000000157 0 0 0
0 0 0 0 0.300000000000157 0 0 0
0 0 0 0 0.400000000000157 0 0 0
0 0 0 0 0.500000000000157 0 0 0
0 0 0 0 0.600000000000157 0 0 0
0 0 0 0 0.700000000000157 0 0 0
0 0 0 0 0.800000000000157 0 0 0
0 0 0 0 0.900000000000157 0 0 0
0 0 0 0 1.00000000000016 0 0 0
0 0 0 0 1.10000000000016 0 0 0
0 0 0 0 1.20000000000016 0 0 0
0 0 0 0 1.30000000000016 0 0 0
0 0 0 0 1.40000000000016 0 0 0
0 0 0 0 1.50000000000016 0 0 0
0 0 0 0 1.60000000000016 0 0 0
0 0 0 0 1.70000000000016 0 0 0
0 0 0 0 1.80000000000016 0 0 0
0 0 0 0 1.90000000000016 0 0 0
0 0 0 0 2.00000000000016 0 0 0
0 0 0 0 2.10000000000016 0 0 0
0 0 0 0 2.20000000000016 0 0 0
0 0 0 0 2.30000000000016 0 0 0
0 0 0 0 2.40000000000016 0 0 0
0 0 0 0 2.50000000000016 0 0 0
0 0 0 0 2.60000000000016 0 0 0
0 0 0 0 2.70000000000016 0 0 0
0 0 0 0 2.80000000000016 0 0 0
0 0 0 0 2.90000000000016 0 0 0
0 0 0 0 3.00000000000016 0 0 0
0 0 0 0 3.10000000000016 0 0 0
0 0 0 0 3.20000000000016 0 0 0
0 0 0 0 3.30000000000016 0 0 0
0 0 0 0 3.40000000000016 0 0 0
0 0 0 0 3.50000000000016 0 0 0
0 0 0 0 3.60000000000016 0 0 0
0 0 0 0 3.70000000000016 0 0 0
0 0 0 0 3.80000000000016 0 0 0
0 0 0 0 3.90000000000016 0 0 0
0 0 0 0 4.00000000000016 0 0 0
0 0 0 0 4.10000000000016 0 0 0
0 0 0 0 4.20000000000016 0 0 0
0 0 0 0 4.30000000000016 0 0 0
0 0 0 0 4.40000000000016 0 0 0
0 0 0 0 4.50000000000016 0 0 0
0 0 0 0 4.60000000000016 0 0 0
0 0 0 0 4.70000000000016 0 0 0
0 0 0 0 4.80000000000016 0 0 0
0 0 0 0 4.90000000000016 0 0 0
0 0 0 0 5.00000000000016 0 0 0
0 0 0 0 5.10000000000016 0 0 0
0 0 0 0 5.20000000000016 0 0 0
0 0 0 0 5.30000000000016 0 0 0
0 0 0 0 5.40000000000015 0 0 0
0 0 0 0 5.50000000000015 0 0 0
0 0 0 0 5.60000000000015 0 0 0
0 0 0 0 5.70000000000015 0 0 0
0 0 0 0 5.80000000000015 0 0 0
0 0 0 0 5.90000000000015 0 0 0
0 0 0 0 6.00000000000015 0 0 0
0 0 0 0 6.10000000000015 0 0 0
0 0 0 0 6.20000000000015 0 0 0
0 0 0 0 6.30000000000015 0 0 0
0 0 0 0 6.40000000000015 0 0 0
0 0 0 0 6.50000000000015 0 0 0
0 0 0 0 6.60000000000015 0 0 0
0 0 0 0 6.70000000000015 0 0 0
0 0 0 0 6.80000000000015 0 0 0
0 0 0 0 6.90000000000015 0 0 0
0 0 0 0 7.00000000000015 0 0 0
0 0 0 0 7.10000000000015 0 0 0
0 0 0 0 7.20000000000015 0 0 0
0 0 0 0 7.30000000000015 0 0 0
0 0 0 0 7.40000000000015 0 0 0
0 0 0 0 7.50000000000015 0 0 0
0 0 0 0 7.60000000000015 0 0 0
0 0 0 0 7.70000000000015 0 0 0
0 0 0 0 7.80000000000015 0 0 0
0 0 0 0 7.90000000000015 0 0 0
0 0 0 0 8.00000000000015 0 0 0
0 0 0 0 8.10000000000015 0 0 0
0 0 0 0 8.20000000000014 0 0 0
0 0 0 0 8.30000000000014 0 0 0
0 0 0 0 8.40000000000014 0 0 0
0 0 0 0 8.50000000000014 0 0 0
0 0 0 0 8.60000000000014 0 0 0
0 0 0 0 8.70000000000014 0 0 0
0 0 0 0 8.80000000000014 0 0 0
0 0 0 0 8.90000000000014 0 0 0
0 0 0 0 9.00000000000014 0 0 0
0 0 0 0 9.10000000000014 0 0 0
0 0 0 0 9.20000000000014 0 0 0
0 0 0 0 9.30000000000014 0 0 0
0 0 0 0 9.40000000000014 0 0 0
0 0 0 0 9.50000000000014 0 0 0
0 0 0 0 9.60000000000014 0 0 0
0 0 0 0 9.70000000000014 0 0 0
0 0 0 0 9.80000000000014 0 0 0
0 0 0 0 9.90000000000014 0 0 0
0 0 0 0 10.0000000000001 0 0 0
0 0 0 0 10.1000000000001 0 0 0
0 0 0 0 10.2000000000001 0 0 0
0 0 0 0 10.3000000000001 0 0 0
0 0 0 0 10.4000000000001 0 0 0
0 0 0 0 10.5000000000001 0 0 0
0 0 0 0 10.6000000000001 0 0 0
0 0 0 0 10.7000000000001 0 0 0
0 0 0 0 10.8000000000001 0 0 0
0 0 0 0 10.9000000000001 0 0 0
0 0 0 0 11.0000000000001 0 0 0
0 0 0 0 11.1000000000001 0 0 0
0 0 0 0 11.2000000000001 0 0 0
0 0 0 0 11.3000000000001 0 0 0
0 0 0 0 11.4000000000001 0 0 0
0 0 0 0 11.5000000000001 0 0 0
0 0 0 0 11.6000000000001 0 0 0
0 0 0 0 11.7000000000001 0 0 0
0 0 0 0 11.8000000000001 0 0 0
0 0 0 0 11.9000000000001 0 0 0
0 0 0 0 12.0000000000001 0 0 0
0 0 0 0 12.1000000000001 0 0 0
0 0 0 0 12.2000000000001 0 0 0
0 0 0 0 12.3000000000001 0 0 0
0 0 0 0 12.4000000000001 0 0 0
0 0 0 0 12.5000000000001 0 0 0
0 0 0 0 12.6000000000001 0 0 0
0 0 0 0 12.7000000000001 0 0 0
0 0 0 0 12.8000000000001 0 0 0
0 0 0 0 12.9000000000001 0 0 0
0 0 0 0 13.0000000000001 0 0 0
0 0 0 0 13.1000000000001 0 0 0
0 0 0 0 13.2000000000001 0 0 0
0 0 0 0 13.3000000000001 0 0 0
0 0 0 0 13.4000000000001 0 0 0
0 0 0 0 13.5000000000001 0 0 0
0 0 0 0 13.6000000000001 0 0 0
0 0 0 0 13.7000000000001 0 0 0
0 0 0 0 13.8000000000001 0 0 0
0 0 0 0 13.9000000000001 0 0 0
0 0 0 0 14.0000000000001 0 0 0
0 0 0 0 14.1000000000001 0 0 0
0 0 0 0 14.2000000000001 0 0 0
0 0 0 0 14.3000000000001 0 0 0
0 0 0 0 14.4000000000001 0 0 0
0 0 0 0 14.5000000000001 0 0 0
0 0 0 0 14.6000000000001 0 0 0
0 0 0 0 14.7000000000001 0 0 0
0 0 0 0 14.8000000000001 0 0 0
0 0 0 0 14.9000000000001 0 0 0
0 0 0 0 15.0000000000001 0 0 0
0 0 0 0 15.1000000000001 0 0 0
0 0 0 0 15.2000000000001 0 0 0
0 0 0 0 15.3000000000001 0 0 0
0 0 0 0 15.4000000000001 0 0 0
0 0 0 0 15.5000000000001 0 0 0
0 0 0 0 15.6000000000001 0 0 0
0 0 0 0 15.7000000000001 0 0 0
0 0 0 0 15.8000000000001 0 0 0
0 0 0 0 15.9000000000001 0 0 0
0 0 0 0 16.0000000000001 0 0 0
0 0 0 0 16.1000000000001 0 0 0
0 0 0 0 16.2000000000001 0 0 0
0 0 0 0 16.3000000000001 0 0 0
0 0 0 0 16.4000000000001 0 0 0
0 0 0 0 16.5000000000001 0 0 0
0 0 0 0 16.6000000000001 0 0 0
0 0 0 0 16.7000000000001 0 0 0
0 0 0 0 16.8000000000001 0 0 0
0 0 0 0 16.9000000000001 0 0 0
0 0 0 0 17.0000000000001 0 0 0
0 0 0 0 17.1000000000001 0 0 0
0 0 0 0 17.2000000000001 0 0 0
0 0 0 0 17.3000000000001 0 0 0
0 0 0 0 17.4000000000001 0 0 0
0 0 0 0 17.5000000000001 0 0 0
0 0 0 0 17.6000000000001 0 0 0
0 0 0 0 17.7000000000001 0 0 0
0 0 0 0 17.8000000000001 0 0 0
0 0 0 0 17.9000000000001 0 0 0
0 0 0 0 18.0000000000001 0 0 0
0 0 0 0 18.1000000000001 0 0 0
0 0 0 0 18.2000000000001 0 0 0
0 0 0 0 18.3000000000001 0 0 0
0 0 0 0 18.4000000000002 0 0 0
0 0 0 0 18.5000000000002 0 0 0
0 0 0 0 18.6000000000002 0 0 0
0 0 0 0 18.7000000000002 0 0 0
0 0 0 0 18.8000000000002 0 0 0
0 0 0 0 18.9000000000002 0 0 0
0 0 0 0 19.0000000000002 0 0 0
0 0 0 0 19.1000000000002 0 0 0
0 0 0 0 19.2000000000002 0 0 0
0 0 0 0 19.3000000000002 0 0 0
0 0 0 0 19.4000000000002 0 0 0
0 0 0 0 19.5000000000002 0 0 0
0 0 0 0 19.6000000000002 0 0 0
0 0 0 0 19.7000000000002 0 0 0
0 0 0 0 19.8000000000002 0 0 0
0 0 0 0 19.9000000000002 0 0 0
0 0 0 0 20.0000000000002 0 0 0
0 0 0 0 20.1000000000002 0 0 0
0 0 0 0 20.2000000000002 0 0 0
0 0 0 0 20.3000000000002 0 0 0
0 0 0 0 20.4000000000002 0 0 0
0 0 0 0 20.5000000000002 0 0 0
0 0 0 0 20.6000000000002 0 0 0
0 0 0 0 20.7000000000002 0 0 0
0 0 0 0 20.8000000000002 0 0 0
0 0 0 0 20.9000000000002 0 0 0
0 0 0 0 21.0000000000002 0 0 0
0 0 0 0 21.1000000000002 0 0 0
0 0 0 0 21.2000000000002 0 0 0
0 0 0 0 21.3000000000002 0 0 0
0 0 0 0 21.4000000000002 0 0 0
0 0 0 0 21.5000000000002 0 0 0
0 0 0 0 21.6000000000002 0 0 0
0 0 0 0 21.7000000000002 0 0 0
0 0 0 0 21.8000000000002 0 0 0
0 0 0 0 21.9000000000002 0 0 0
0 0 0 0 22.0000000000002 0 0 0
0 0 0 0 22.1000000000002 0 0 0
0 0 0 0 22.2000000000002 0 0 0
0 0 0 0 22.3000000000002 0 0 0
0 0 0 0 22.4000000000002 0 0 0
0 0 0 0 22.5000000000002 0 0 0
0 0 0 0 22.6000000000002 0 0 0
0 0 0 0 22.7000000000002 0 0 0
0 0 0 0 22.8000000000002 0 0 0
0 0 0 0 22.9000000000002 0 0 0
0 0 0 0 23.0000000000002 0 0 0
0 0 0 0 23.1000000000002 0 0 0
0 0 0 0 23.2000000000002 0 0 0
0 0 0 0 23.3000000000002 0 0 0
0 0 0 0 23.4000000000002 0 0 0
0 0 0 0 23.5000000000002 0 0 0
0 0 0 0 23.6000000000002 0 0 0
0 0 0 0 23.7000000000002 0 0 0
0 0 0 0 23.8000000000002 0 0 0
0 0 0 0 23.9000000000002 0 0 0
0 0 0 0 24.0000000000002 0 0 0
0 0 0 0 24.1000000000002 0 0 0
0 0 0 0 24.2000000000002 0 0 0
0 0 0 0 24.3000000000002 0 0 0
0 0 0 0 24.4000000000002 0 0 0
0 0 0 0 24.5000000000002 0 0 0
0 0 0 0 24.6000000000002 0 0 0
0 0 0 0 24.7000000000002 0 0 0
0 0 0 0 24.8000000000002 0 0 0
0 0 0 0 24.9000000000002 0 0 0
0 0 0 0 25.0000000000002 0 0 0
0 0 0 0 25.1000000000002 0 0 0
0 0 0 0 25.2000000000002 0 0 0
0 0 0 0 25.3000000000002 0 0 0
0 0 0 0 25.4000000000003 0 0 0
0 0 0 0 25.5000000000003 0 0 0
0 0 0 0 25.6000000000003 0 0 0
0 0 0 0 25.7000000000003 0 0 0
0 0 0 0 25.8000000000003 0 0 0
0 0 0 0 25.9000000000003 0 0 0
0 0 0 0 26.0000000000003 0 0 0
0 0 0 0 26.1000000000003 0 0 0
0 0 0 0 26.2000000000003 0 0 0
0 0 0 0 26.3000000000003 0 0 0
0 0 0 0 26.4000000000003 0 0 0
0 0 0 0 26.5000000000003 0 0 0
0 0 0 0 26.6000000000003 0 0 0
0 0 0 0 26.7000000000003 0 0 0
0 0 0 0 26.8000000000003 0 0 0
0 0 0 0 26.9000000000003 0 0 0
0 0 0 0 27.0000000000003 0 0 0
0 0 0 0 27.1000000000003 0 0 0
0 0 0 0 27.2000000000003 0 0 0
0 0 0 0 27.3000000000003 0 0 0
0 0 0 0 27.4000000000003 0 0 0
0 0 0 0 27.5000000000003 0 0 0
0 0 0 0 27.6000000000003 0 0 0
0 0 0 0 27.7000000000003 0 0 0
0 0 0 0 27.8000000000003 0 0 0
0 0 0 0 27.9000000000003 0 0 0
0 0 0 0 28.0000000000003 0 0 0
0 0 0 0 28.1000000000003 0 0 0
0 0 0 0 28.2000000000003 0 0 0
0 0 0 0 28.3000000000003 0 0 0
0 0 0 0 28.4000000000003 0 0 0
0 0 0 0 28.5000000000003 0 0 0
0 0 0 0 28.6000000000003 0 0 0
0 0 0 0 28.7000000000003 0 0 0
0 0 0 0 28.8000000000003 0 0 0
0 0 0 0 28.9000000000003 0 0 0
0 0 0 0 29.0000000000003 0 0 0
0 0 0 0 29.1000000000003 0 0 0
0 0 0 0 29.2000000000003 0 0 0
0 0 0 0 29.3000000000003 0 0 0
0 0 0 0 29.4000000000003 0 0 0
0 0 0 0 29.5000000000003 0 0 0
0 0 0 0 29.6000000000003 0 0 0
0 0 0 0 29.7000000000003 0 0 0
0 0 0 0 29.8000000000003 0 0 0
0 0 0 0 29.9000000000003 0 0 0
0 0 0 0 30.0000000000003 0 0 0
0 0 0 0 30.1000000000003 0 0 0
0 0 0 0 30.2000000000003 0 0 0
0 0 0 0 30.3000000000003 0 0 0
0 0 0 0 30.4000000000003 0 0 0
0 0 0 0 30.5000000000003 0 0 0
0 0 0 0 30.6000000000003 0 0 0
0 0 0 0 30.7000000000003 0 0 0
0 0 0 0 30.8000000000003 0 0 0
0 0 0 0 30.9000000000003 0 0 0
0 0 0 0 31.0000000000003 0 0 0
0 0 0 0 31.1000000000003 0 0 0
0 0 0 0 31.2000000000003 0 0 0
0 0 0 0 31.3000000000003 0 0 0
0 0 0 0 31.4000000000003 0 0 0
0 0 0 0 31.5000000000003 0 0 0
0 0 0 0 31.6000000000003 0 0 0
0 0 0 0 31.7000000000003 0 0 0
0 0 0 0 31.8000000000003 0 0 0
0 0 0 0 31.9000000000003 0 0 0
0 0 0 0 32.0000000000003 0 0 0
0 0 0 0 32.1000000000003 0 0 0
0 0 0 0 32.2000000000003 0 0 0
0 0 0 0 32.3000000000003 0 0 0
0 0 0 0 32.4000000000003 0 0 0
0 0 0 0 32.5000000000003 0 0 0
0 0 0 0 32.6000000000003 0 0 0
0 0 0 0 32.7000000000004 0 0 0
0 0 0 0 32.8000000000004 0 0 0
0 0 0 0 32.9000000000004 0 0 0
0 0 0 0 33.0000000000004 0 0 0
0 0 0 0 33.1000000000004 0 0 0
0 0 0 0 33.2000000000004 0 0 0
0 0 0 0 33.3000000000004 0 0 0
0 0 0 0 33.4000000000004 0 0 0
0 0 0 0 33.5000000000004 0 0 0
0 0 0 0 33.6000000000004 0 0 0
0 0 0 0 33.7000000000004 0 0 0
0 0 0 0 33.8000000000004 0 0 0
0 0 0 0 33.9000000000004 0 0 0
0 0 0 0 34.0000000000004 0 0 0
0 0 0 0 34.1000000000004 0 0 0
0 0 0 0 34.2000000000004 0 0 0
0 0 0 0 34.3000000000004 0 0 0
0 0 0 0 34.4000000000004 0 0 0
0 0 0 0 34.5000000000004 0 0 0
0 0 0 0 34.6000000000004 0 0 0
0 0 0 0 34.7000000000004 0 0 0
0 0 0 0 34.8000000000004 0 0 0
0 0 0 0 34.9000000000004 0 0 0
0 0 0 0 35.0000000000004 0 0 0
0 0 0 0 35.1000000000004 0 0 0
0 0 0 0 35.2000000000004 0 0 0
0 0 0 0 35.3000000000004 0 0 0
0 0 0 0 35.4000000000004 0 0 0
0 0 0 0 35.5000000000004 0 0 0
0 0 0 0 35.6000000000004 0 0 0
0 0 0 0 35.7000000000004 0 0 0
0 0 0 0 35.8000000000004 0 0 0
0 0 0 0 35.9000000000004 0 0 0
0 0 0 0 36.0000000000004 0 0 0
0 0 0 0 36.1000000000004 0 0 0
0 0 0 0 36.2000000000004 0 0 0
0 0 0 0 36.3000000000004 0 0 0
0 0 0 0 36.4000000000004 0 0 0
0 0 0 0 36.5000000000004 0 0 0
0 0 0 0 36.6000000000004 0 0 0
0 0 0 0 36.7000000000004 0 0 0
0 0 0 0 36.8000000000004 0 0 0
0 0 0 0 36.9000000000004 0 0 0
0 0 0 0 37.0000000000004 0 0 0
0 0 0 0 37.1000000000004 0 0 0
0 0 0 0 37.2000000000004 0 0 0
0 0 0 0 37.3000000000004 0 0 0
0 0 0 0 37.4000000000004 0 0 0
0 0 0 0 37.5000000000004 0 0 0
0 0 0 0 37.6000000000004 0 0 0
0 0 0 0 37.7000000000004 0 0 0
0 0 0 0 37.8000000000004 0 0 0
0 0 0 0 37.9000000000004 0 0 0
0 0 0 0 38.0000000000004 0 0 0
0 0 0 0 38.1000000000004 0 0 0
0 0 0 0 38.2000000000004 0 0 0
0 0 0 0 38.3000000000004 0 0 0
0 0 0 0 38.4000000000004 0 0 0
0 0 0 0 38.5000000000004 0 0 0
0 0 0 0 38.6000000000004 0 0 0
0 0 0 0 38.7000000000004 0 0 0
0 0 0 0 38.8000000000004 0 0 0
0 0 0 0 38.9000000000004 0 0 0
0 0 0 0 39.0000000000004 0 0 0
0 0 0 0 39.1000000000004 0 0 0
0 0 0 0 39.2000000000004 0 0 0
0 0 0 0 39.3000000000004 0 0 0
0 0 0 0 39.4000000000004 0 0 0
0 0 0 0 39.5000000000004 0 0 0
0 0 0 0 39.6000000000004 0 0 0
0 0 0 0 39.7000000000005 0 0 0
0 0 0 0 39.8000000000005 0 0 0
0 0 0 0 39.9000000000005 0 0 0
0 0 0 0 40.0000000000005 0 0 0
0 0 0 0 40.1000000000005 0 0 0
0 0 0 0 40.2000000000005 0 0 0
0 0 0 0 40.3000000000005 0 0 0
0 0 0 0 40.4000000000005 0 0 0
0 0 0 0 40.5000000000005 0 0 0
0 0 0 0 40.6000000000005 0 0 0
0 0 0 0 40.7000000000005 0 0 0
0 0 0 0 40.8000000000005 0 0 0
0 0 0 0 40.9000000000005 0 0 0
0 0 0 0 41.0000000000005 0 0 0
0 0 0 0 41.1000000000005 0 0 0
0 0 0 0 41.2000000000005 0 0 0
0 0 0 0 41.3000000000005 0 0 0
0 0 0 0 41.4000000000005 0 0 0
0 0 0 0 41.5000000000005 0 0 0
0 0 0 0 41.6000000000005 0 0 0
0 0 0 0 41.7000000000005 0 0 0
0 0 0 0 41.8000000000005 0 0 0
0 0 0 0 41.9000000000005 0 0 0
0 0 0 0 42.0000000000005 0 0 0
0 0 0 0 42.1000000000005 0 0 0
0 0 0 0 42.2000000000005 0 0 0
0 0 0 0 42.3000000000005 0 0 0
0 0 0 0 42.4000000000005 0 0 0
0 0 0 0 42.5000000000005 0 0 0
0 0 0 0 42.6000000000005 0 0 0
0 0 0 0 42.7000000000005 0 0 0
0 0 0 0 42.8000000000005 0 0 0
0 0 0 0 42.9000000000005 0 0 0
0 0 0 0 43.0000000000005 0 0 0
0 0 0 0 43.1000000000005 0 0 0
0 0 0 0 43.2000000000005 0 0 0
0 0 0 0 43.3000000000005 0 0 0
0 0 0 0 43.4000000000005 0 0 0
0 0 0 0 43.5000000000005 0 0 0
0 0 0 0 43.6000000000005 0 0 0
0 0 0 0 43.7000000000005 0 0 0
0 0 0 0 43.8000000000005 0 0 0
0 0 0 0 43.9000000000005 0 0 0
0 0 0 0 44.0000000000005 0 0 0
0 0 0 0 44.1000000000005 0 0 0
0 0 0 0 44.2000000000005 0 0 0
0 0 0 0 44.3000000000005 0 0 0
0 0 0 0 44.4000000000005 0 0 0
0 0 0 0 44.5000000000005 0 0 0
0 0 0 0 44.6000000000005 0 0 0
0 0 0 0 44.7000000000005 0 0 0
0 0 0 0 44.8000000000005 0 0 0
0 0 0 0 44.9000000000005 0 0 0
0 0 0 0 45.0000000000005 0 0 0
0 0 0 0 45.1000000000005 0 0 0
0 0 0 0 45.2000000000005 0 0 0
0 0 0 0 45.3000000000005 0 0 0
0 0 0 0 45.4000000000005 0 0 0
0 0 0 0 45.5000000000005 0 0 0
0 0 0 0 45.6000000000005 0 0 0
0 0 0 0 45.7000000000005 0 0 0
0 0 0 0 45.8000000000005 0 0 0
0 0 0 0 45.9000000000005 0 0 0
0 0 0 0 46.0000000000005 0 0 0
0 0 0 0 46.1000000000005 0 0 0
0 0 0 0 46.2000000000005 0 0 0
0 0 0 0 46.3000000000005 0 0 0
0 0 0 0 46.4000000000005 0 0 0
0 0 0 0 46.5000000000005 0 0 0
0 0 0 0 46.6000000000005 0 0 0
0 0 0 0 46.7000000000006 0 0 0
0 0 0 0 46.8000000000006 0 0 0
0 0 0 0 46.9000000000006 0 0 0
0 0 0 0 47.0000000000006 0 0 0
0 0 0 0 47.1000000000006 0 0 0
0 0 0 0 47.2000000000006 0 0 0
0 0 0 0 47.3000000000006 0 0 0
0 0 0 0 47.4000000000006 0 0 0
0 0 0 0 47.5000000000006 0 0 0
0 0 0 0 47.6000000000006 0 0 0
0 0 0 0 47.7000000000006 0 0 0
0 0 0 0 47.8000000000006 0 0 0
0 0 0 0 47.9000000000006 0 0 0
0 0 0 0 48.0000000000006 0 0 0
0 0 0 0 48.1000000000006 0 0 0
0 0 0 0 48.2000000000006 0 0 0
0 0 0 0 48.3000000000006 0 0 0
0 0 0 0 48.4000000000006 0 0 0
0 0 0 0 48.5000000000006 0 0 0
0 0 0 0 48.6000000000006 0 0 0
0 0 0 0 48.7000000000006 0 0 0
0 0 0 0 48.8000000000006 0 0 0
0 0 0 0 48.9000000000006 0 0 0
0 0 0 0 49.0000000000006 0 0 0
0 0 0 0 49.1000000000006 0 0 0
0 0 0 0 49.2000000000006 0 0 0
0 0 0 0 49.3000000000006 0 0 0
0 0 0 0 49.4000000000006 0 0 0
0 0 0 0 49.5000000000006 0 0 0
0 0 0 0 49.6000000000006 0 0 0
0 0 0 0 49.7000000000006 0 0 0
0 0 0 0 49.8000000000006 0 0 0
0 0 0 0 49.9000000000006 0 0 0
0 0 0 0 50.0000000000006 0 0 0
0 0 0 0 50.1000000000006 0 0 0
0 0 0 0 50.2000000000006 0 0 0
0 0 0 0 50.3000000000006 0 0 0
0 0 0 0 50.4000000000006 0 0 0
0 0 0 0 50.5000000000006 0 0 0
0 0 0 0 50.6000000000006 0 0 0
0 0 0 0 50.7000000000006 0 0 0
0 0 0 0 50.8000000000006 0 0 0
0 0 0 0 50.9000000000006 0 0 0
0 0 0 0 51.0000000000006 0 0 0
0 0 0 0 51.1000000000006 0 0 0
0 0 0 0 51.2000000000006 0 0 0
0 0 0 0 51.3000000000006 0 0 0
0 0 0 0 51.4000000000006 0 0 0
0 0 0 0 51.5000000000006 0 0 0
0 0 0 0 51.6000000000006 0 0 0
0 0 0 0 51.7000000000006 0 0 0
0 0 0 0 51.8000000000006 0 0 0
0 0 0 0 51.9000000000006 0 0 0
0 0 0 0 52.0000000000006 0 0 0
0 0 0 0 52.1000000000006 0 0 0
0 0 0 0 52.2000000000006 0 0 0
0 0 0 0 52.3000000000006 0 0 0
0 0 0 0 52.4000000000006 0 0 0
0 0 0 0 52.5000000000006 0 0 0
0 0 0 0 52.6000000000006 0 0 0
0 0 0 0 52.7000000000006 0 0 0
0 0 0 0 52.8000000000006 0 0 0
0 0 0 0 52.9000000000006 0 0 0
0 0 0 0 53.0000000000006 0 0 0
0 0 0 0 53.1000000000006 0 0 0
0 0 0 0 53.2000000000006 0 0 0
0 0 0 0 53.3000000000006 0 0 0
0 0 0 0 53.4000000000006 0 0 0
0 0 0 0 53.5000000000006 0 0 0
0 0 0 0 53.6000000000006 0 0 0
0 0 0 0 53.7000000000006 0 0 0
0 0 0 0 53.8000000000007 0 0 0
0 0 0 0 53.9000000000007 0 0 0
0 0 0 0 54.0000000000007 0 0 0
0 0 0 0 54.1000000000007 0 0 0
0 0 0 0 54.2000000000007 0 0 0
0 0 0 0 54.3000000000007 0 0 0
0 0 0 0 54.4000000000007 0 0 0
0 0 0 0 54.5000000000007 0 0 0
0 0 0 0 54.6000000000007 0 0 0
0 0 0 0 54.7000000000007 0 0 0
0 0 0 0 54.8000000000007 0 0 0
0 0 0 0 54.9000000000007 0 0 0
0 0 0 0 55.0000000000007 0 0 0
0 0 0 0 55.1000000000007 0 0 0
0 0 0 0 55.2000000000007 0 0 0
0 0 0 0 55.3000000000007 0 0 0
0 0 0 0 55.4000000000007 0 0 0
0 0 0 0 55.5000000000007 0 0 0
0 0 0 0 55.6000000000007 0 0 0
0 0 0 0 55.7000000000007 0 0 0
0 0 0 0 55.8000000000007 0 0 0
0 0 0 0 55.9000000000007 0 0 0
0 0 0 0 56.0000000000007 0 0 0
0 0 0 0 56.1000000000007 0 0 0
0 0 0 0 56.2000000000007 0 0 0
0 0 0 0 56.3000000000007 0 0 0
0 0 0 0 56.4000000000007 0 0 0
0 0 0 0 56.5000000000007 0 0 0
0 0 0 0 56.6000000000007 0 0 0
0 0 0 0 56.7000000000007 0 0 0
0 0 0 0 56.8000000000007 0 0 0
0 0 0 0 56.9000000000007 0 0 0
0 0 0 0 57.0000000000007 0 0 0
0 0 0 0 57.1000000000007 0 0 0
0 0 0 0 57.2000000000007 0 0 0
0 0 0 0 57.3000000000007 0 0 0
0 0 0 0 57.4000000000007 0 0 0
0 0 0 0 57.5000000000007 0 0 0
0 0 0 0 57.6000000000007 0 0 0
0 0 0 0 57.7000000000007 0 0 0
0 0 0 0 57.8000000000007 0 0 0
0 0 0 0 57.9000000000007 0 0 0
0 0 0 0 58.0000000000007 0 0 0
0 0 0 0 58.1000000000007 0 0 0
0 0 0 0 58.2000000000007 0 0 0
0 0 0 0 58.3000000000007 0 0 0
0 0 0 0 58.4000000000007 0 0 0
0 0 0 0 58.5000000000007 0 0 0
0 0 0 0 58.6000000000007 0 0 0
0 0 0 0 58.7000000000007 0 0 0
0 0 0 0 58.8000000000007 0 0 0
0 0 0 0 58.9000000000007 0 0 0
0 0 0 0 59.0000000000007 0 0 0
0 0 0 0 59.1000000000007 0 0 0
0 0 0 0 59.2000000000007 0 0 0
0 0 0 0 59.3000000000007 0 0 0
0 0 0 0 59.4000000000007 0 0 0
0 0 0 0 59.5000000000007 0 0 0
0 0 0 0 59.6000000000007 0 0 0
0 0 0 0 59.7000000000007 0 0 0
0 0 0 0 59.8000000000007 0 0 0
0 0 0 0 59.9000000000007 0 0 0
0 0 0 0 60.0000000000007 0 0 0
0 0 0 0 60.1000000000007 0 0 0
0 0 0 0 60.2000000000007 0 0 0
0 0 0 0 60.3000000000007 0 0 0
0 0 0 0 60.4000000000007 0 0 0
0 0 0 0 60.5000000000007 0 0 0
0 0 0 0 60.6000000000007 0 0 0
0 0 0 0 60.7000000000007 0 0 0
0 0 0 0 60.8000000000008 0 0 0
0 0 0 0 60.9000000000008 0 0 0
0 0 0 0 61.0000000000008 0 0 0
0 0 0 0 61.1000000000008 0 0 0
0 0 0 0 61.2000000000008 0 0 0
0 0 0 0 61.3000000000008 0 0 0
0 0 0 0 61.4000000000008 0 0 0
0 0 0 0 61.5000000000008 0 0 0
0 0 0 0 61.6000000000008 0 0 0
0 0 0 0 61.7000000000008 0 0 0
0 0 0 0 61.8000000000008 0 0 0
0 0 0 0 61.9000000000008 0 0 0
0 0 0 0 62.0000000000008 0 0 0
0 0 0 0 62.1000000000008 0 0 0
0 0 0 0 62.2000000000008 0 0 0
0 0 0 0 62.3000000000008 0 0 0
0 0 0 0 62.4000000000008 0 0 0
0 0 0 0 62.5000000000008 0 0 0
0 0 0 0 62.6000000000008 0 0 0
0 0 0 0 62.7000000000008 0 0 0
0 0 0 0 62.8000000000008 0 0 0
0 0 0 0 62.9000000000008 0 0 0
0 0 0 0 63.0000000000008 0 0 0
0 0 0 0 63.1000000000008 0 0 0
0 0 0 0 63.2000000000008 0 0 0
0 0 0 0 63.3000000000008 0 0 0
0 0 0 0 63.4000000000008 0 0 0
0 0 0 0 63.5000000000008 0 0 0
0 0 0 0 63.6000000000008 0 0 0
0 0 0 0 63.7000000000008 0 0 0
0 0 0 0 63.8000000000008 0 0 0
0 0 0 0 63.9000000000008 0 0 0
0 0 0 0 64.0000000000008 0 0 0
0 0 0 0 64.1000000000008 0 0 0
0 0 0 0 64.2000000000008 0 0 0
0 0 0 0 64.3000000000008 0 0 0
0 0 0 0 64.4000000000008 0 0 0
0 0 0 0 64.5000000000008 0 0 0
0 0 0 0 64.6000000000008 0 0 0
0 0 0 0 64.7000000000008 0 0 0
0 0 0 0 64.8000000000008 0 0 0
0 0 0 0 64.9000000000007 0 0 0
0 0 0 0 65.0000000000007 0 0 0
0 0 0 0 65.1000000000007 0 0 0
0 0 0 0 65.2000000000007 0 0 0
0 0 0 0 65.3000000000007 0 0 0
0 0 0 0 65.4000000000007 0 0 0
0 0 0 0 65.5000000000007 0 0 0
0 0 0 0 65.6000000000007 0 0 0
0 0 0 0 65.7000000000007 0 0 0
0 0 0 0 65.8000000000007 0 0 0
0 0 0 0 65.9000000000007 0 0 0
0 0 0 0 66.0000000000007 0 0 0
0 0 0 0 66.1000000000007 0 0 0
0 0 0 0 66.2000000000007 0 0 0
0 0 0 0 66.3000000000007 0 0 0
0 0 0 0 66.4000000000007 0 0 0
0 0 0 0 66.5000000000007 0 0 0
0 0 0 0 66.6000000000006 0 0 0
0 0 0 0 66.7000000000006 0 0 0
0 0 0 0 66.8000000000006 0 0 0
0 0 0 0 66.9000000000006 0 0 0
0 0 0 0 67.0000000000006 0 0 0
0 0 0 0 67.1000000000006 0 0 0
0 0 0 0 67.2000000000006 0 0 0
0 0 0 0 67.3000000000006 0 0 0
0 0 0 0 67.4000000000006 0 0 0
0 0 0 0 67.5000000000006 0 0 0
0 0 0 0 67.6000000000006 0 0 0
0 0 0 0 67.7000000000006 0 0 0
0 0 0 0 67.8000000000006 0 0 0
0 0 0 0 67.9000000000006 0 0 0
0 0 0 0 68.0000000000006 0 0 0
0 0 0 0 68.1000000000006 0 0 0
0 0 0 0 68.2000000000006 0 0 0
0 0 0 0 68.3000000000006 0 0 0
0 0 0 0 68.4000000000005 0 0 0
0 0 0 0 68.5000000000005 0 0 0
0 0 0 0 68.6000000000005 0 0 0
0 0 0 0 68.7000000000005 0 0 0
0 0 0 0 68.8000000000005 0 0 0
0 0 0 0 68.9000000000005 0 0 0
0 0 0 0 69.0000000000005 0 0 0
0 0 0 0 69.1000000000005 0 0 0
0 0 0 0 69.2000000000005 0 0 0
0 0 0 0 69.3000000000005 0 0 0
0 0 0 0 69.4000000000005 0 0 0
0 0 0 0 69.5000000000005 0 0 0
0 0 0 0 69.6000000000005 0 0 0
0 0 0 0 69.7000000000005 0 0 0
0 0 0 0 69.8000000000005 0 0 0
0 0 0 0 69.9000000000005 0 0 0
0 0 0 0 70.0000000000005 0 0 0
0 0 0 0 70.1000000000004 0 0 0
0 0 0 0 70.2000000000004 0 0 0
0 0 0 0 70.3000000000004 0 0 0
0 0 0 0 70.4000000000004 0 0 0
0 0 0 0 70.5000000000004 0 0 0
0 0 0 0 70.6000000000004 0 0 0
0 0 0 0 70.7000000000004 0 0 0
0 0 0 0 70.8000000000004 0 0 0
0 0 0 0 70.9000000000004 0 0 0
0 0 0 0 71.0000000000004 0 0 0
0 0 0 0 71.1000000000004 0 0 0
0 0 0 0 71.2000000000004 0 0 0
0 0 0 0 71.3000000000004 0 0 0
0 0 0 0 71.4000000000004 0 0 0
0 0 0 0 71.5000000000004 0 0 0
0 0 0 0 71.6000000000004 0 0 0
0 0 0 0 71.7000000000004 0 0 0
0 0 0 0 71.8000000000004 0 0 0
0 0 0 0 71.9000000000003 0 0 0
0 0 0 0 72.0000000000003 0 0 0
0 0 0 0 72.1000000000003 0 0 0
0 0 0 0 72.2000000000003 0 0 0
0 0 0 0 72.3000000000003 0 0 0
0 0 0 0 72.4000000000003 0 0 0
0 0 0 0 72.5000000000003 0 0 0
0 0 0 0 72.6000000000003 0 0 0
0 0 0 0 72.7000000000003 0 0 0
0 0 0 0 72.8000000000003 0 0 0
0 0 0 0 72.9000000000003 0 0 0
0 0 0 0 73.0000000000003 0 0 0
0 0 0 0 73.1000000000003 0 0 0
0 0 0 0 73.2000000000003 0 0 0
0 0 0 0 73.3000000000003 0 0 0
0 0 0 0 73.4000000000003 0 0 0
0 0 0 0 73.5000000000003 0 0 0
0 0 0 0 73.6000000000003 0 0 0
0 0 0 0 73.7000000000002 0 0 0
0 0 0 0 73.8000000000002 0 0 0
0 0 0 0 73.9000000000002 0 0 0
0 0 0 0 74.0000000000002 0 0 0
0 0 0 0 74.1000000000002 0 0 0
0 0 0 0 74.2000000000002 0 0 0
0 0 0 0 74.3000000000002 0 0 0
0 0 0 0 74.4000000000002 0 0 0
0 0 0 0 74.5000000000002 0 0 0
0 0 0 0 74.6000000000002 0 0 0
0 0 0 0 74.7000000000002 0 0 0
0 0 0 0 74.8000000000002 0 0 0
0 0 0 0 74.9000000000002 0 0 0
0 0 0 0 75.0000000000002 0 0 0
0 0 0 0 75.1000000000002 0 0 0
0 0 0 0 75.2000000000002 0 0 0
0 0 0 0 75.3000000000002 0 0 0
0 0 0 0 75.4000000000001 0 0 0
0 0 0 0 75.5000000000001 0 0 0
0 0 0 0 75.6000000000001 0 0 0
0 0 0 0 75.7000000000001 0 0 0
0 0 0 0 75.8000000000001 0 0 0
0 0 0 0 75.9000000000001 0 0 0
0 0 0 0 76.0000000000001 0 0 0
0 0 0 0 76.1000000000001 0 0 0
0 0 0 0 76.2000000000001 0 0 0
0 0 0 0 76.3000000000001 0 0 0
0 0 0 0 76.4000000000001 0 0 0
0 0 0 0 76.5000000000001 0 0 0
0 0 0 0 76.6000000000001 0 0 0
0 0 0 0 76.7000000000001 0 0 0
0 0 0 0 76.8000000000001 0 0 0
0 0 0 0 76.9000000000001 0 0 0
0 0 0 0 77.0000000000001 0 0 0
0 0 0 0 77.1000000000001 0 0 0
0 0 0 0 77.2 0 0 0
0 0 0 0 77.3 0 0 0
0 0 0 0 77.4 0 0 0
0 0 0 0 77.5 0 0 0
0 0 0 0 77.6 0 0 0
0 0 0 0 77.7 0 0 0
0 0 0 0 77.8 0 0 0
0 0 0 0 77.9 0 0 0
0 0 0 0 78 0 0 0
0 0 0 0 78.1 0 0 0
0 0 0 0 78.2 0 0 0
0 0 0 0 78.3 0 0 0
0 0 0 0 78.4 0 0 0
0 0 0 0 78.5 0 0 0
0 0 0 0 78.6 0 0 0
0 0 0 0 78.7 0 0 0
0 0 0 0 78.8 0 0 0
0 0 0 0 78.8999999999999 0 0 0
0 0 0 0 78.9999999999999 0 0 0
0 0 0 0 79.0999999999999 0 0 0
0 0 0 0 79.1999999999999 0 0 0
0 0 0 0 79.2999999999999 0 0 0
0 0 0 0 79.3999999999999 0 0 0
0 0 0 0 79.4999999999999 0 0 0
0 0 0 0 79.5999999999999 0 0 0
0 0 0 0 79.6999999999999 0 0 0
0 0 0 0 79.7999999999999 0 0 0
0 0 0 0 79.8999999999999 0 0 0
0 0 0 0 79.9999999999999 0 0 0
