616.677 0.0251316  0.0001940 
616.717 0.0335034  0.0002263 
616.757 0.0396218  0.0002504 
616.797 0.0443015  0.0002692 
616.837 0.0478722  0.0002840 
616.877 0.0505274  0.0002955 
616.917 0.0524538  0.0003043 
616.957 0.0538363  0.0003111 
616.997 0.0548374  0.0003166 
617.037 0.0555841  0.0003211 
617.077 0.0561664  0.0003251 
617.117 0.0566433  0.0003287 
617.157 0.0570515  0.0003320 
617.197 0.0574136  0.0003352 
617.237 0.0577432  0.0003383 
617.277 0.0580493  0.0003413 
617.317 0.0583374  0.0003443 
617.357 0.0586116  0.0003472 
617.397 0.0588748  0.0003502 
617.437 0.0591291  0.0003531 
617.477 0.0593762  0.0003560 
617.517 0.0596173  0.0003589 
617.557 0.0598535  0.0003617 
617.597 0.0600856  0.0003646 
617.637 0.0603142  0.0003675 
617.677 0.0605400  0.0003704 
617.717 0.0607634  0.0003733 
617.757 0.0609848  0.0003762 
617.797 0.0612045  0.0003792 
617.837 0.0614229  0.0003821 
617.877 0.0616401  0.0003851 
617.917 0.0618563  0.0003880 
617.957 0.0620719  0.0003910 
617.997 0.0622868  0.0003940 
618.037 0.0625014  0.0003971 
618.077 0.0627156  0.0004001 
618.117 0.0629296  0.0004031 
618.157 0.0631435  0.0004062 
618.197 0.0633575  0.0004093 
618.237 0.0635715  0.0004124 
618.277 0.0637857  0.0004156 
618.317 0.0640001  0.0004187 
618.357 0.0642147  0.0004219 
618.397 0.0644297  0.0004251 
618.437 0.0646451  0.0004283 
618.477 0.0648610  0.0004316 
618.517 0.0650773  0.0004348 
618.557 0.0652941  0.0004381 
618.597 0.0655115  0.0004414 
618.637 0.0657295  0.0004447 
618.677 0.0659481  0.0004481 
618.717 0.0661674  0.0004515 
618.757 0.0663873  0.0004549 
618.797 0.0666080  0.0004583 
618.837 0.0668294  0.0004618 
618.877 0.0670515  0.0004653 
618.917 0.0672745  0.0004688 
618.957 0.0674982  0.0004723 
618.997 0.0677228  0.0004759 
619.037 0.0679482  0.0004794 
619.077 0.0681745  0.0004830 
619.117 0.0684017  0.0004867 
619.157 0.0686297  0.0004904 
619.197 0.0688587  0.0004940 
619.237 0.0690886  0.0004978 
619.277 0.0693195  0.0005015 
619.317 0.0695513  0.0005053 
619.357 0.0697841  0.0005091 
619.397 0.0700180  0.0005129 
619.437 0.0702528  0.0005168 
619.477 0.0704886  0.0005207 
619.517 0.0707255  0.0005246 
619.557 0.0709635  0.0005286 
619.597 0.0712025  0.0005326 
619.637 0.0714425  0.0005366 
619.677 0.0716837  0.0005406 
619.717 0.0719260  0.0005447 
619.757 0.0721694  0.0005488 
619.797 0.0724139  0.0005530 
619.837 0.0726596  0.0005571 
619.877 0.0729064  0.0005614 
619.917 0.0731543  0.0005656 
619.957 0.0734035  0.0005699 
619.997 0.0736538  0.0005742 
620.037 0.0739054  0.0005785 
620.077 0.0741581  0.0005829 
620.117 0.0744121  0.0005873 
620.157 0.0746673  0.0005918 
620.197 0.0749238  0.0005962 
620.237 0.0751815  0.0006008 
620.277 0.0754405  0.0006053 
620.317 0.0757008  0.0006099 
620.357 0.0759623  0.0006145 
620.397 0.0762252  0.0006192 
620.437 0.0764894  0.0006239 
620.477 0.0767549  0.0006287 
620.517 0.0770218  0.0006334 
620.557 0.0772900  0.0006383 
620.597 0.0775595  0.0006431 
620.637 0.0778305  0.0006480 
620.677 0.0781028  0.0006529 
620.717 0.0783765  0.0006579 
620.757 0.0786516  0.0006629 
620.797 0.0789282  0.0006680 
620.837 0.0792061  0.0006731 
620.877 0.0794856  0.0006783 
620.917 0.0797665  0.0006834 
620.957 0.0800488  0.0006887 
620.997 0.0803326  0.0006939 
621.037 0.0806179  0.0006993 
621.077 0.0809048  0.0007046 
621.117 0.0811931  0.0007100 
621.157 0.0814830  0.0007155 
621.197 0.0817744  0.0007210 
621.237 0.0820673  0.0007265 
621.277 0.0823619  0.0007321 
621.317 0.0826580  0.0007377 
621.357 0.0829557  0.0007434 
621.397 0.0832550  0.0007491 
621.437 0.0835559  0.0007549 
621.477 0.0838584  0.0007607 
621.517 0.0841626  0.0007666 
621.557 0.0844685  0.0007725 
621.597 0.0847760  0.0007785 
621.637 0.0850852  0.0007845 
621.677 0.0853961  0.0007906 
621.717 0.0857087  0.0007967 
621.757 0.0860230  0.0008029 
621.797 0.0863391  0.0008092 
621.837 0.0866569  0.0008154 
621.877 0.0869765  0.0008218 
621.917 0.0872979  0.0008282 
621.957 0.0876210  0.0008346 
621.997 0.0879460  0.0008411 
622.037 0.0882728  0.0008477 
622.077 0.0886014  0.0008543 
622.117 0.0889319  0.0008610 
622.157 0.0892642  0.0008677 
622.197 0.0895984  0.0008745 
622.237 0.0899346  0.0008814 
622.277 0.0902726  0.0008883 
622.317 0.0906126  0.0008953 
622.357 0.0909545  0.0009023 
622.397 0.0912983  0.0009094 
622.437 0.0916442  0.0009166 
622.477 0.0919920  0.0009238 
622.517 0.0923418  0.0009311 
622.557 0.0926937  0.0009384 
622.597 0.0930476  0.0009458 
622.637 0.0934036  0.0009533 
622.677 0.0937616  0.0009609 
622.717 0.0941217  0.0009685 
622.757 0.0944839  0.0009762 
622.797 0.0948483  0.0009839 
622.837 0.0952148  0.0009917 
622.877 0.0955834  0.0009996 
622.917 0.0959543  0.0010076 
622.957 0.0963273  0.0010156 
622.997 0.0967025  0.0010237 
623.037 0.0970800  0.0010319 
623.077 0.0974598  0.0010402 
623.117 0.0978417  0.0010485 
623.157 0.0982260  0.0010569 
623.197 0.0986126  0.0010654 
623.237 0.0990015  0.0010740 
623.277 0.0993928  0.0010826 
623.317 0.0997864  0.0010913 
623.357 0.1001824  0.0011001 
623.397 0.1005809  0.0011090 
623.437 0.1009817  0.0011179 
623.477 0.1013850  0.0011270 
623.517 0.1017908  0.0011361 
623.557 0.1021990  0.0011453 
623.597 0.1026098  0.0011546 
623.637 0.1030231  0.0011640 
623.677 0.1034389  0.0011735 
623.717 0.1038573  0.0011830 
623.757 0.1042783  0.0011927 
623.797 0.1047020  0.0012024 
623.837 0.1051282  0.0012123 
623.877 0.1055572  0.0012222 
623.917 0.1059888  0.0012322 
623.957 0.1064231  0.0012423 
623.997 0.1068602  0.0012525 
624.037 0.1073000  0.0012628 
624.077 0.1077426  0.0012732 
624.117 0.1081880  0.0012837 
624.157 0.1086363  0.0012943 
624.197 0.1090874  0.0013050 
624.237 0.1095413  0.0013158 
624.277 0.1099982  0.0013268 
624.317 0.1104580  0.0013378 
624.357 0.1109208  0.0013489 
624.397 0.1113865  0.0013601 
624.437 0.1118553  0.0013715 
624.477 0.1123271  0.0013829 
624.517 0.1128020  0.0013945 
624.557 0.1132799  0.0014061 
624.597 0.1137610  0.0014179 
624.637 0.1142452  0.0014298 
624.677 0.1147326  0.0014419 
624.717 0.1152232  0.0014540 
624.757 0.1157170  0.0014662 
624.797 0.1162141  0.0014786 
624.837 0.1167145  0.0014911 
624.877 0.1172182  0.0015038 
624.917 0.1177253  0.0015165 
624.957 0.1182357  0.0015294 
624.997 0.1187496  0.0015424 
625.037 0.1192669  0.0015555 
625.077 0.1197877  0.0015688 
625.117 0.1203120  0.0015822 
625.157 0.1208398  0.0015957 
625.197 0.1213712  0.0016094 
625.237 0.1219062  0.0016232 
625.277 0.1224449  0.0016372 
625.317 0.1229872  0.0016513 
625.357 0.1235333  0.0016655 
625.397 0.1240831  0.0016799 
625.437 0.1246366  0.0016944 
625.477 0.1251940  0.0017091 
625.517 0.1257553  0.0017239 
625.557 0.1263204  0.0017389 
625.597 0.1268895  0.0017540 
625.637 0.1274625  0.0017693 
625.677 0.1280395  0.0017848 
625.717 0.1286206  0.0018004 
625.757 0.1292058  0.0018162 
625.797 0.1297950  0.0018321 
625.837 0.1303885  0.0018482 
625.877 0.1309861  0.0018645 
625.917 0.1315880  0.0018810 
625.957 0.1321941  0.0018976 
625.997 0.1328046  0.0019144 
626.037 0.1334195  0.0019314 
626.077 0.1340387  0.0019485 
626.117 0.1346624  0.0019659 
626.157 0.1352907  0.0019834 
626.197 0.1359234  0.0020011 
626.237 0.1365607  0.0020190 
626.277 0.1372027  0.0020371 
626.317 0.1378494  0.0020554 
626.357 0.1385007  0.0020739 
626.397 0.1391569  0.0020926 
626.437 0.1398179  0.0021114 
626.477 0.1404837  0.0021305 
626.517 0.1411545  0.0021498 
626.557 0.1418302  0.0021694 
626.597 0.1425110  0.0021891 
626.637 0.1431968  0.0022090 
626.677 0.1438878  0.0022292 
626.717 0.1445839  0.0022496 
626.757 0.1452853  0.0022702 
626.797 0.1459919  0.0022910 
626.837 0.1467039  0.0023121 
626.877 0.1474213  0.0023334 
626.917 0.1481441  0.0023550 
626.957 0.1488725  0.0023768 
626.997 0.1496064  0.0023988 
627.037 0.1503459  0.0024211 
627.077 0.1510911  0.0024436 
627.117 0.1518421  0.0024664 
627.157 0.1525989  0.0024895 
627.197 0.1533615  0.0025128 
627.237 0.1541301  0.0025364 
627.277 0.1549047  0.0025602 
627.317 0.1556853  0.0025843 
627.357 0.1564721  0.0026087 
627.397 0.1572650  0.0026334 
627.437 0.1580642  0.0026584 
627.477 0.1588697  0.0026837 
627.517 0.1596817  0.0027092 
627.557 0.1605001  0.0027351 
627.597 0.1613250  0.0027612 
627.637 0.1621565  0.0027877 
627.677 0.1629947  0.0028145 
627.717 0.1638397  0.0028416 
627.757 0.1646915  0.0028690 
627.797 0.1655502  0.0028967 
627.837 0.1664159  0.0029248 
627.877 0.1672887  0.0029532 
627.917 0.1681686  0.0029819 
627.957 0.1690557  0.0030110 
627.997 0.1699501  0.0030404 
628.037 0.1708519  0.0030702 
628.077 0.1717612  0.0031004 
628.117 0.1726781  0.0031309 
628.157 0.1736025  0.0031618 
628.197 0.1745348  0.0031931 
628.237 0.1754748  0.0032247 
628.277 0.1764228  0.0032568 
628.317 0.1773787  0.0032892 
628.357 0.1783428  0.0033220 
628.397 0.1793150  0.0033553 
628.437 0.1802956  0.0033889 
628.477 0.1812845  0.0034230 
628.517 0.1822819  0.0034575 
628.557 0.1832879  0.0034925 
628.597 0.1843026  0.0035278 
628.637 0.1853261  0.0035637 
628.677 0.1863585  0.0035999 
628.717 0.1873999  0.0036367 
628.757 0.1884504  0.0036739 
628.797 0.1895101  0.0037116 
628.837 0.1905792  0.0037497 
628.877 0.1916577  0.0037884 
628.917 0.1927458  0.0038276 
628.957 0.1938435  0.0038672 
628.997 0.1949511  0.0039074 
629.037 0.1960686  0.0039481 
629.077 0.1971961  0.0039893 
629.117 0.1983338  0.0040311 
629.157 0.1994819  0.0040734 
629.197 0.2006403  0.0041163 
629.237 0.2018093  0.0041598 
629.277 0.2029890  0.0042038 
629.317 0.2041795  0.0042484 
629.357 0.2053810  0.0042936 
629.397 0.2065937  0.0043394 
629.437 0.2078175  0.0043859 
629.477 0.2090528  0.0044329 
629.517 0.2102996  0.0044806 
629.557 0.2115581  0.0045290 
629.597 0.2128284  0.0045780 
629.637 0.2141107  0.0046277 
629.677 0.2154052  0.0046780 
629.717 0.2167120  0.0047291 
629.757 0.2180313  0.0047808 
629.797 0.2193632  0.0048333 
629.837 0.2207080  0.0048865 
629.877 0.2220657  0.0049405 
629.917 0.2234366  0.0049952 
629.957 0.2248208  0.0050507 
629.997 0.2262185  0.0051069 
630.037 0.2276300  0.0051640 
630.077 0.2290553  0.0052218 
630.117 0.2304947  0.0052805 
630.157 0.2319484  0.0053401 
630.197 0.2334165  0.0054005 
630.237 0.2348993  0.0054617 
630.277 0.2363970  0.0055239 
630.317 0.2379098  0.0055870 
630.357 0.2394378  0.0056509 
630.397 0.2409814  0.0057158 
630.437 0.2425406  0.0057817 
630.477 0.2441159  0.0058486 
630.517 0.2457073  0.0059164 
630.557 0.2473151  0.0059852 
630.597 0.2489395  0.0060551 
630.637 0.2505808  0.0061260 
630.677 0.2522393  0.0061980 
630.717 0.2539151  0.0062711 
630.757 0.2556086  0.0063452 
630.797 0.2573199  0.0064205 
630.837 0.2590494  0.0064970 
630.877 0.2607973  0.0065746 
630.917 0.2625639  0.0066534 
630.957 0.2643495  0.0067335 
630.997 0.2661544  0.0068148 
631.037 0.2679788  0.0068973 
631.077 0.2698230  0.0069811 
631.117 0.2716874  0.0070663 
631.157 0.2735722  0.0071528 
631.197 0.2754778  0.0072407 
631.237 0.2774045  0.0073299 
631.277 0.2793526  0.0074206 
631.317 0.2813224  0.0075128 
631.357 0.2833144  0.0076064 
631.397 0.2853287  0.0077016 
631.437 0.2873659  0.0077983 
631.477 0.2894261  0.0078966 
631.517 0.2915099  0.0079964 
631.557 0.2936176  0.0080980 
631.597 0.2957496  0.0082012 
631.637 0.2979062  0.0083061 
631.677 0.3000879  0.0084128 
631.717 0.3022951  0.0085212 
631.757 0.3045281  0.0086315 
631.797 0.3067875  0.0087436 
631.837 0.3090736  0.0088577 
631.877 0.3113869  0.0089737 
631.917 0.3137279  0.0090916 
631.957 0.3160969  0.0092117 
631.997 0.3184946  0.0093337 
632.037 0.3209213  0.0094579 
632.077 0.3233776  0.0095843 
632.117 0.3258640  0.0097129 
632.157 0.3283809  0.0098437 
632.197 0.3309290  0.0099769 
632.237 0.3335087  0.0101124 
632.277 0.3361206  0.0102504 
632.317 0.3387653  0.0103908 
632.357 0.3414434  0.0105338 
632.397 0.3441554  0.0106793 
632.437 0.3469020  0.0108275 
632.477 0.3496838  0.0109785 
632.517 0.3525013  0.0111321 
632.557 0.3553553  0.0112887 
632.597 0.3582465  0.0114481 
632.637 0.3611754  0.0116106 
632.677 0.3641429  0.0117760 
632.717 0.3671495  0.0119446 
632.757 0.3701961  0.0121164 
632.797 0.3732834  0.0122915 
632.837 0.3764122  0.0124699 
632.877 0.3795832  0.0126518 
632.917 0.3827973  0.0128372 
632.957 0.3860552  0.0130262 
632.997 0.3893579  0.0132189 
633.037 0.3927062  0.0134154 
633.077 0.3961009  0.0136158 
633.117 0.3995431  0.0138201 
633.157 0.4030336  0.0140286 
633.197 0.4065734  0.0142413 
633.237 0.4101635  0.0144582 
633.277 0.4138049  0.0146796 
633.317 0.4174986  0.0149055 
633.357 0.4212458  0.0151361 
633.397 0.4250474  0.0153715 
633.437 0.4289047  0.0156117 
633.477 0.4328187  0.0158570 
633.517 0.4367907  0.0161074 
633.557 0.4408219  0.0163632 
633.597 0.4449136  0.0166244 
633.637 0.4490669  0.0168912 
633.677 0.4532834  0.0171638 
633.717 0.4575642  0.0174423 
633.757 0.4619108  0.0177269 
633.797 0.4663248  0.0180177 
633.837 0.4708074  0.0183150 
633.877 0.4753604  0.0186190 
633.917 0.4799851  0.0189297 
633.957 0.4846834  0.0192474 
633.997 0.4894567  0.0195724 
634.037 0.4943069  0.0199047 
634.077 0.4992357  0.0202448 
634.117 0.5042449  0.0205927 
634.157 0.5093364  0.0209487 
634.197 0.5145122  0.0213131 
634.237 0.5197742  0.0216861 
634.277 0.5251245  0.0220679 
634.317 0.5305652  0.0224590 
634.357 0.5360985  0.0228594 
634.397 0.5417267  0.0232696 
634.437 0.5474521  0.0236899 
634.477 0.5532771  0.0241205 
634.517 0.5592042  0.0245618 
634.557 0.5652360  0.0250142 
634.597 0.5713751  0.0254779 
634.637 0.5776243  0.0259534 
634.677 0.5839864  0.0264412 
634.717 0.5904645  0.0269414 
634.757 0.5970614  0.0274547 
634.797 0.6037804  0.0279815 
634.837 0.6106248  0.0285221 
634.877 0.6175978  0.0290772 
634.917 0.6247031  0.0296471 
634.957 0.6319443  0.0302324 
634.997 0.6393250  0.0308338 
635.037 0.6468492  0.0314516 
635.077 0.6545210  0.0320866 
635.117 0.6623446  0.0327393 
635.157 0.6703243  0.0334105 
635.197 0.6784647  0.0341008 
635.237 0.6867704  0.0348109 
635.277 0.6952464  0.0355415 
635.317 0.7038977  0.0362935 
635.357 0.7127297  0.0370678 
635.397 0.7217479  0.0378650 
635.437 0.7309580  0.0386863 
635.477 0.7403659  0.0395324 
635.517 0.7499780  0.0404045 
635.557 0.7598007  0.0413036 
635.597 0.7698407  0.0422307 
635.637 0.7801053  0.0431872 
635.677 0.7906017  0.0441741 
635.717 0.8013377  0.0451928 
635.757 0.8123214  0.0462448 
635.797 0.8235611  0.0473313 
635.837 0.8350658  0.0484540 
635.877 0.8468448  0.0496145 
635.917 0.8589076  0.0508145 
635.957 0.8712645  0.0520557 
635.997 0.8839262  0.0533402 
636.037 0.8969038  0.0546700 
636.077 0.9102092  0.0560471 
636.117 0.9238547  0.0574740 
636.157 0.9378534  0.0589530 
636.197 0.9522190  0.0604868 
636.237 0.9669660  0.0620782 
636.277 0.9821096  0.0637300 
636.317 0.9976660  0.0654455 
636.357 1.0136522  0.0672279 
636.397 1.0300863  0.0690811 
636.437 1.0469873  0.0710087 
636.477 1.0643755  0.0730150 
636.517 1.0822724  0.0751045 
636.557 1.1007007  0.0772819 
636.597 1.1196848  0.0795525 
636.637 1.1392505  0.0819218 
636.677 1.1594254  0.0843960 
636.717 1.1802389  0.0869815 
636.757 1.2017225  0.0896855 
636.797 1.2239099  0.0925158 
636.837 1.2468374  0.0954808 
636.877 1.2705438  0.0985898 
636.917 1.2950709  0.1018530 
636.957 1.3204639  0.1052814 
636.997 1.3467715  0.1088873 
637.037 1.3740465  0.1126842 
637.077 1.4023464  0.1166872 
637.117 1.4317333  0.1209129 
637.157 1.4622752  0.1253799 
637.197 1.4940466  0.1301090 
637.237 1.5271288  0.1351236 
637.277 1.5616116  0.1404501 
637.317 1.5975937  0.1461186 
637.357 1.6351846  0.1521630 
637.397 1.6745060  0.1586224 
637.437 1.7156934  0.1655419 
637.477 1.7588988  0.1729734 
637.517 1.8042931  0.1809775 
637.557 1.8520696  0.1896249 
637.597 1.9024478  0.1989992 
637.637 1.9556789  0.2091987 
637.677 2.0120519  0.2203403 
637.717 2.0719026  0.2325626 
637.757 2.1356261  0.2460303 
637.797 2.2036951  0.2609386 
637.837 2.2766914  0.2775203 
637.877 2.3553580  0.2960611 
637.917 2.4406841  0.3169405 
637.957 2.5340330  0.3407326 
637.997 2.6372978  0.3684342 
638.037 2.7530136  0.4019027 
638.077 2.8842529  0.4445718 
638.117 3.0340160  0.5023864 
638.157 3.2037866  0.5846451 
638.197 3.3911139  0.7040822 
638.237 3.5866121  0.8752900 
638.277 3.7715756  1.1107905 
638.317 3.9180643  1.4150085 
638.357 3.9931733  1.7779160 
638.397 3.9677550  2.1714798 
638.437 3.8273624  2.5520908 
638.477 3.5809018  2.8701439 
638.517 3.2621287  3.0843536 
638.557 2.9216629  3.1751310 
638.597 2.6117790  3.1506694 
638.637 2.3703363  3.0422885 
638.677 2.2112215  2.8908197 
638.717 2.1256596  2.7304445 
638.757 2.0932632  2.5776958 
638.797 2.0967866  2.4304744 
638.837 2.1328038  2.2764486 
638.877 2.2113910  2.1043924 
638.917 2.3365973  1.9080049 
638.957 2.4956394  1.6955196 
638.997 2.7107318  1.5192403 
639.037 2.9758554  1.4032833 
639.077 3.2706472  1.3500300 
639.117 3.5779695  1.3529056 
639.157 3.8880979  1.4015195 
639.197 4.1984771  1.4860622 
639.237 4.5113260  1.6000567 
639.277 4.8308633  1.7410869 
639.317 5.1613402  1.9101348 
639.357 5.5062381  2.1105155 
639.397 5.8683279  2.3472080 
639.437 6.2499817  2.6269294 
639.477 6.6531560  2.9588586 
639.517 7.0787179  3.3556335 
639.557 7.5251197  3.8341867 
639.597 7.9867424  4.4161065 
639.637 8.4524332  5.1274204 
639.677 8.9047203  5.9978221 
639.717 9.3191785  7.0590613 
639.757 9.6606348  8.3410154 
639.797 9.8730161  9.8631437 
639.837 9.8717010 11.6223963 
639.877 9.5522079 13.5823792 
639.917 8.8108557 15.6661999 
639.957 7.5669597 17.7544742 
639.997 5.7835776 19.6918974 
640.037 3.4844108 21.3047989 
640.077 0.7615727 22.4280788 
640.117-2.2306556 22.9355074 
640.157-5.2969120 22.7648324 
640.197-8.2321419 21.9299214 
640.23710.8548190 20.5162608 
640.27713.0329853 18.6617636 
640.31714.6971240 16.5294196 
640.35715.8388041 14.2799088 
640.39716.4984842 12.0506816 
640.43716.7480811  9.9445050 
640.47716.6736146  8.0269988 
640.51716.3613447  6.3305531 
640.55715.8886288  4.8615294 
640.59715.3191697  3.6082714 
640.63714.7016331  2.5484178 
640.67714.0705359  1.6547921 
640.71713.4484546  0.8996113 
640.75712.8487487  0.2570262 
640.79712.2781208 -0.2957587 
640.83711.7385440 -0.7783100 
640.87711.2284096 -1.2071345 
640.91710.7431082 -1.5956677 
640.95710.2755049 -1.9538398 
640.997-9.8167785 -2.2873483 
641.037-9.3578818 -2.5970548 
641.077-8.8915325 -2.8790152 
641.117-8.4143149 -3.1255212 
641.157-7.9282711 -3.3272187 
641.197-7.4413641 -3.4759914 
641.237-6.9664142 -3.5679460 
641.277-6.5185273 -3.6056503 
641.317-6.1115336 -3.5988481 
641.357-5.7543637 -3.5632453 
641.397-5.4484257 -3.5175392 
641.437-5.1868120 -3.4794329 
641.477-4.9556332 -3.4617355 
641.517-4.7371262 -3.4696333 
641.557-4.5136668 -3.4998588 
641.597-4.2715855 -3.5419046 
641.637-4.0038073 -3.5808395 
641.677-3.7107434 -3.6008580 
641.717-3.3994209 -3.5885763 
641.757-3.0813415 -3.5352860 
641.797-2.7698448 -3.4378133 
641.837-2.4777286 -3.2981122 
641.877-2.2156062 -3.1220570 
641.917-1.9911094 -2.9179801 
641.957-1.8087574 -2.6953685 
641.997-1.6702001 -2.4638861 
642.037-1.5745953 -2.2326947 
642.077-1.5190133 -2.0099618 
642.117-1.4988675 -1.8024698 
642.157-1.5084097 -1.6153199 
642.197-1.5412892 -1.4517784 
642.237-1.5911168 -1.3133137 
642.277-1.6519432 -1.1998211 
642.317-1.7185763 -1.1099753 
642.357-1.7867312 -1.0416260 
642.397-1.8530800 -0.9921684 
642.437-1.9152891 -0.9588656 
642.477-1.9720205 -0.9391120 
642.517-2.0227912 -0.9306217 
642.557-2.0676808 -0.9315443 
642.597-2.1070041 -0.9405103 
642.637-2.1410357 -0.9565929 
642.677-2.1698192 -0.9791695 
642.717-2.1930881 -1.0077049 
642.757-2.2103201 -1.0415181 
642.797-2.2209170 -1.0796088 
642.837-2.2244601 -1.1206102 
642.877-2.2209621 -1.1628937 
642.917-2.2110306 -1.2048070 
642.957-2.1958857 -1.2449804 
642.997-2.1772143 -1.2826160 
643.037-2.1568985 -1.3176813 
643.077-2.1366831 -1.3509667 
643.117-2.1178477 -1.3840055 
643.157-2.1009270 -1.4188813 
643.197-2.0854988 -1.4579428 
643.237-2.0700590 -1.5034378 
643.277-2.0520230 -1.5570712 
643.317-2.0279106 -1.6195311 
643.357-1.9937575 -1.6900714 
643.397-1.9457395 -1.7662802 
643.437-1.8809067 -1.8441552 
643.477-1.7978592 -1.9185346 
643.517-1.6971763 -1.9838258 
643.557-1.5814651 -2.0348754 
643.597-1.4550019 -2.0677660 
643.637-1.3230577 -2.0803458 
643.677-1.1910914 -2.0723813 
643.717-1.0640168 -2.0453360 
643.757-0.9457127 -2.0018912 
643.797-0.8388420 -1.9453823 
643.837-0.7449418 -1.8793096 
643.877-0.6646638 -1.8070134 
643.917-0.5980254 -1.7315106 
643.957-0.5445757 -1.6554467 
643.997-0.5034473 -1.5811130 
644.037-0.4733406 -1.5104739 
644.077-0.4525142 -1.4451356 
644.117-0.4388499 -1.3862390 
644.157-0.4300111 -1.3343292 
644.197-0.4236701 -1.2892821 
644.237-0.4177501 -1.2503284 
644.277-0.4106329 -1.2161765 
644.317-0.4012992 -1.1852059 
644.357-0.3893841 -1.1556989 
644.397-0.3751430 -1.1260742 
644.437-0.3593314 -1.0950864 
644.477-0.3430172 -1.0619562 
644.517-0.3273642 -1.0264046 
644.557-0.3134368 -0.9885900 
644.597-0.3020709 -0.9489773 
644.637-0.2938311 -0.9081891 
644.677-0.2890375 -0.8668862 
644.717-0.2878264 -0.8257027 
644.757-0.2902055 -0.7852293 
644.797-0.2960836 -0.7460184 
644.837-0.3052785 -0.7085862 
644.877-0.3175219 -0.6734020 
644.917-0.3324738 -0.6408712 
644.957-0.3497464 -0.6113279 
644.997-0.3689252 -0.5850431 
645.037-0.3895739 -0.5622410 
645.077-0.4112211 -0.5431062 
645.117-0.4333404 -0.5277700 
645.157-0.4553463 -0.5162731 
645.197-0.4766196 -0.5085232 
645.237-0.4965641 -0.5042705 
645.277-0.5146767 -0.5031213 
645.317-0.5306008 -0.5045933 
645.357-0.5441404 -0.5081951 
645.397-0.5552239 -0.5134999 
645.437-0.5638324 -0.5201833 
645.477-0.5699208 -0.5280099 
645.517-0.5733651 -0.5367759 
645.557-0.5739547 -0.5462324 
645.597-0.5714312 -0.5560194 
645.637-0.5655548 -0.5656310 
645.677-0.5561775 -0.5744172 
645.717-0.5433072 -0.5816133 
645.757-0.5271581 -0.5863898 
645.797-0.5081883 -0.5879174 
645.837-0.4871181 -0.5854528 
645.877-0.4649155 -0.5784410 
645.917-0.4427316 -0.5666197 
645.957-0.4217829 -0.5500923 
645.997-0.4032004 -0.5293384 
646.037-0.3878878 -0.5051474 
646.077-0.3764311 -0.4784929 
646.117-0.3690841 -0.4503884 
646.157-0.3658211 -0.4217722 
646.197-0.3664195 -0.3934478 
646.237-0.3705344 -0.3660770 
646.277-0.3777394 -0.3401970 
646.317-0.3875384 -0.3162316 
646.357-0.3993704 -0.2944784 
646.397-0.4126327 -0.2750803 
646.437-0.4267330 -0.2580037 
646.477-0.4411575 -0.2430465 
646.517-0.4555329 -0.2298838 
646.557-0.4696564 -0.2181401 
646.597-0.4834852 -0.2074639 
646.637-0.4970937 -0.1975821 
646.677-0.5106171 -0.1883212 
646.717-0.5242036 -0.1795997 
646.757-0.5379869 -0.1714068 
646.797-0.5520762 -0.1637822 
646.837-0.5665551 -0.1568074 
646.877-0.5814744 -0.1506054 
646.917-0.5968349 -0.1453386 
646.957-0.6125626 -0.1411931 
646.997-0.6284915 -0.1383448 
647.037-0.6443645 -0.1369123 
647.077-0.6598621 -0.1369112 
647.117-0.6746555 -0.1382271 
647.157-0.6884688 -0.1406180 
647.197-0.7011345 -0.1437497 
647.237-0.7126233 -0.1472527 
647.277-0.7230440 -0.1507868 
647.317-0.7326115 -0.1540943 
647.357-0.7415983 -0.1570294 
647.397-0.7502813 -0.1595616 
647.437-0.7588997 -0.1617563 
647.477-0.7676289 -0.1637448 
647.517-0.7765707 -0.1656930 
647.557-0.7857537 -0.1677754 
647.597-0.7951375 -0.1701535 
647.637-0.8046203 -0.1729559 
647.677-0.8140505 -0.1762561 
647.717-0.8232511 -0.1800516 
647.757-0.8320564 -0.1842529 
647.797-0.8403568 -0.1886913 
647.837-0.8481388 -0.1931535 
647.877-0.8555032 -0.1974365 
647.917-0.8626490 -0.2014100 
647.957-0.8698231 -0.2050621 
647.997-0.8772495 -0.2085110 
648.037-0.8850626 -0.2119733 
648.077-0.8932696 -0.2156992 
648.117-0.9017592 -0.2198966 
648.157-0.9103539 -0.2246735 
648.197-0.9188838 -0.2300207 
648.237-0.9272499 -0.2358409 
648.277-0.9354423 -0.2420091 
648.317-0.9435075 -0.2484392 
648.357-0.9514839 -0.2551252 
648.397-0.9593389 -0.2621355 
648.437-0.9669290 -0.2695572 
648.477-0.9740031 -0.2774067 
648.517-0.9802613 -0.2855483 
648.557-0.9854571 -0.2936597 
648.597-0.9895092 -0.3012705 
648.637-0.9925748 -0.3078655 
648.677-0.9950519 -0.3130197 
648.717-0.9975027 -0.3165131 
648.757-1.0005258 -0.3183817 
648.797-1.0046259 -0.3188870 
648.837-1.0101285 -0.3184209 
648.877-1.0171686 -0.3173879 
648.917-1.0257457 -0.3161146 
648.957-1.0358129 -0.3148178 
648.997-1.0473532 -0.3136353 
649.037-1.0604104 -0.3126919 
649.077-1.0750642 -0.3121620 
649.117-1.0913708 -0.3122928 
649.157-1.1093028 -0.3133768 
649.197-1.1287248 -0.3156870 
649.237-1.1494202 -0.3194063 
649.277-1.1711635 -0.3245884 
649.317-1.1938078 -0.3311715 
649.357-1.2173525 -0.3390468 
649.397-1.2419589 -0.3481597 
649.437-1.2679039 -0.3586052 
649.477-1.2954841 -0.3706837 
649.517-1.3249051 -0.3848940 
649.557-1.3561949 -0.4018670 
649.597-1.3891729 -0.4222687 
649.637-1.4234821 -0.4467115 
649.677-1.4586667 -0.4757181 
649.717-1.4942478 -0.5097574 
649.757-1.5297441 -0.5493424 
649.797-1.5645928 -0.5951436 
649.837-1.5979616 -0.6480394 
649.877-1.6284985 -0.7090252 
649.917-1.6541153 -0.7789337 
649.957-1.6719377 -0.8579882 
649.997-1.6785304 -0.9452999 
650.037-1.6704329 -1.0384855 
650.077-1.6449196 -1.1336018 
650.117-1.6007737 -1.2255158 
650.157-1.5388033 -1.3086837 
650.197-1.4618785 -1.3781335 
650.237-1.3744330 -1.4303312 
650.277-1.2815956 -1.4636300 
650.317-1.1882808 -1.4781739 
650.357-1.0985746 -1.4753726 
650.397-1.0155847 -1.4572520 
650.437-0.9416686 -1.4260095 
650.477-0.8787604 -1.3839329 
650.517-0.8284942 -1.3335973 
650.557-0.7919907 -1.2780673 
650.597-0.7694131 -1.2208153 
650.637-0.7595862 -1.1652313 
650.677-0.7599954 -1.1138367 
650.717-0.7673355 -1.0675155 
650.757-0.7785425 -1.0251390 
650.797-0.7919999 -0.9838654 
650.837-0.8084654 -0.9401656 
650.877-0.8312783 -0.8913379 
650.917-0.8656026 -0.8370169 
650.957-0.9168003 -0.7800866 
650.997-0.9883954 -0.7265440 
651.037-1.0803169 -0.6842207 
651.077-1.1880939 -0.6607181 
651.117-1.3034075 -0.6612577 
651.157-1.4160674 -0.6872480 
651.197-1.5170416 -0.7361395 
651.237-1.6009612 -0.8026201 
651.277-1.6663318 -0.8804977 
651.317-1.7140879 -0.9642094 
651.357-1.7461524 -1.0493985 
651.397-1.7646498 -1.1327318 
651.437-1.7717527 -1.2114318 
651.477-1.7699639 -1.2829625 
651.517-1.7625375 -1.3451194 
651.557-1.7537102 -1.3965182 
651.597-1.7485097 -1.4372680 
651.637-1.7520988 -1.4695118 
651.677-1.7688139 -1.4975592 
651.717-1.8011836 -1.5274815 
651.757-1.8492377 -1.5662276 
651.797-1.9103220 -1.6204839 
651.837-1.9794836 -1.6955818 
651.877-2.0503094 -1.7947464 
651.917-2.1159607 -1.9188637 
651.957-2.1700936 -2.0667707 
651.997-2.2074089 -2.2358936 
652.037-2.2237337 -2.4229433 
652.077-2.2157325 -2.6243842 
652.117-2.1804974 -2.8365206 
652.157-2.1153049 -3.0552406 
652.197-2.0177256 -3.2756331 
652.237-1.8860839 -3.4917610 
652.277-1.7200846 -3.6968031 
652.317-1.5213236 -3.8836073 
652.357-1.2934420 -4.0455081 
652.397-1.0418271 -4.1771471 
652.437-0.7729451 -4.2750360 
652.477-0.4935227 -4.3377148 
652.517-0.2098223 -4.3655175 
652.557 0.0728122 -4.3600876 
652.597 0.3500889 -4.3238357 
652.637 0.6186434 -4.2594948 
652.677 0.8757810 -4.1698417 
652.717 1.1192052 -4.0575673 
652.757 1.3468110 -3.9252444 
652.797 1.5565778 -3.7753502 
652.837 1.7465629 -3.6103325 
652.877 1.9149798 -3.4327096 
652.917 2.0603306 -3.2451757 
652.957 2.1815564 -3.0506686 
652.997 2.2781740 -2.8523618 
653.037 2.3503744 -2.6535731 
653.077 2.3990665 -2.4576052 
653.117 2.4258525 -2.2675480 
653.157 2.4329336 -2.0860821 
653.197 2.4229513 -1.9153204 
653.237 2.3987888 -1.7567133 
653.277 2.3633608 -1.6110327 
653.317 2.3194247 -1.4784287 
653.357 2.2694357 -1.3585430 
653.397 2.2154623 -1.2506524 
653.437 2.1591601 -1.1538155 
653.477 2.1017964 -1.0670021 
653.517 2.0443071 -0.9891891 
653.557 1.9873691 -0.9194191 
653.597 1.9314706 -0.8568253 
653.637 1.8769681 -0.8006302 
653.677 1.8241237 -0.7501315 
653.717 1.7731250 -0.7046858 
653.757 1.7240915 -0.6636978 
653.797 1.6770761 -0.6266179 
653.837 1.6320675 -0.5929493 
653.877 1.5889985 -0.5622578 
653.917 1.5477622 -0.5341817 
653.957 1.5082321 -0.5084343 
653.997 1.4702847 -0.4847998 
654.037 1.4338171 -0.4631200 
654.077 1.3987590 -0.4432757 
654.117 1.3650753 -0.4251675 
654.157 1.3327614 -0.4086984 
654.197 1.3018336 -0.3937617 
654.237 1.2723167 -0.3802358 
654.277 1.2442343 -0.3679843 
654.317 1.2176006 -0.3568595 
654.357 1.1924179 -0.3467072 
654.397 1.1686749 -0.3373699 
654.437 1.1463471 -0.3286884 
654.477 1.1253949 -0.3205011 
654.517 1.1057600 -0.3126444 
654.557 1.0873591 -0.3049557 
654.597 1.0700785 -0.2972803 
654.637 1.0537715 -0.2894834 
654.677 1.0382622 -0.2814635 
654.717 1.0233561 -0.2731652 
654.757 1.0088566 -0.2645863 
654.797 0.9945846 -0.2557768 
654.837 0.9803958 -0.2468296 
654.877 0.9661923 -0.2378645 
654.917 0.9519259 -0.2290089 
654.957 0.9375935 -0.2203803 
654.997 0.9232258 -0.2120732 
655.037 0.9088731 -0.2041536 
655.077 0.8945923 -0.1966586 
655.117 0.8804366 -0.1896029 
655.157 0.8664505 -0.1829858 
655.197 0.8526690 -0.1767991 
655.237 0.8391205 -0.1710322 
655.277 0.8258303 -0.1656745 
655.317 0.8128247 -0.1607140 
655.357 0.8001322 -0.1561350 
655.397 0.7877832 -0.1519144 
655.437 0.7758062 -0.1480194 
655.477 0.7642237 -0.1444072 
655.517 0.7530479 -0.1410270 
655.557 0.7422767 -0.1378241 
655.597 0.7318930 -0.1347461 
655.637 0.7218667 -0.1317482 
655.677 0.7121582 -0.1287981 
655.717 0.7027246 -0.1258773 
655.757 0.6935248 -0.1229812 
655.797 0.6845250 -0.1201155 
655.837 0.6756998 -0.1172920 
655.877 0.6670334 -0.1145243 
655.917 0.6585166 -0.1118241 
655.957 0.6501449 -0.1092000 
655.997 0.6419154 -0.1066577 
656.037 0.6338258 -0.1042013 
656.077 0.6258742 -0.1018345 
656.117 0.6180600 -0.0995615 
656.157 0.6103857 -0.0973864 
656.197 0.6028573 -0.0953115 
656.237 0.5954837 -0.0933348 
656.277 0.5882747 -0.0914484 
656.317 0.5812379 -0.0896379 
656.357 0.5743748 -0.0878831 
656.397 0.5676786 -0.0861617 
656.437 0.5611328 -0.0844534 
656.477 0.5547127 -0.0827442 
656.517 0.5483886 -0.0810308 
656.557 0.5421311 -0.0793215 
656.597 0.5359164 -0.0776360 
656.637 0.5297308 -0.0760020 
656.677 0.5235734 -0.0744502 
656.717 0.5174563 -0.0730085 
656.757 0.5114020 -0.0716976 
656.797 0.5054398 -0.0705267 
656.837 0.4996004 -0.0694930 
656.877 0.4939110 -0.0685815 
656.917 0.4883913 -0.0677689 
656.957 0.4830511 -0.0670265 
656.997 0.4778897 -0.0663252 
657.037 0.4728973 -0.0656390 
657.077 0.4680578 -0.0649483 
657.117 0.4633518 -0.0642406 
657.157 0.4587604 -0.0635104 
657.197 0.4542673 -0.0627570 
657.237 0.4498596 -0.0619823 
657.277 0.4455275 -0.0611888 
657.317 0.4412627 -0.0603776 
657.357 0.4370564 -0.0595492 
657.397 0.4328980 -0.0587043 
657.437 0.4287751 -0.0578458 
657.477 0.4246743 -0.0569809 
657.517 0.4205837 -0.0561218 
657.557 0.4164957 -0.0552852 
657.597 0.4124086 -0.0544902 
657.637 0.4083282 -0.0537562 
657.677 0.4042665 -0.0530988 
657.717 0.4002404 -0.0525283 
657.757 0.3962684 -0.0520479 
657.797 0.3923679 -0.0516548 
657.837 0.3885527 -0.0513412 
657.877 0.3848326 -0.0510972 
657.917 0.3812134 -0.0509131 
657.957 0.3776991 -0.0507804 
657.997 0.3742934 -0.0506922 
658.037 0.3710016 -0.0506418 
658.077 0.3678307 -0.0506203 
658.117 0.3647883 -0.0506147 
658.157 0.3618798 -0.0506066 
658.197 0.3591050 -0.0505729 
658.237 0.3564553 -0.0504879 
658.277 0.3539121 -0.0503277 
658.317 0.3514479 -0.0500747 
658.357 0.3490289 -0.0497214 
658.397 0.3466199 -0.0492729 
658.437 0.3441898 -0.0487461 
658.477 0.3417159 -0.0481679 
658.517 0.3391870 -0.0475698 
658.557 0.3366036 -0.0469837 
658.597 0.3339768 -0.0464367 
658.637 0.3313242 -0.0459484 
658.677 0.3286661 -0.0455297 
658.717 0.3260218 -0.0451838 
658.757 0.3234067 -0.0449084 
658.797 0.3208315 -0.0446989 
658.837 0.3183029 -0.0445513 
658.877 0.3158252 -0.0444643 
658.917 0.3134037 -0.0444394 
658.957 0.3110467 -0.0444802 
658.997 0.3087668 -0.0445897 
659.037 0.3065817 -0.0447674 
659.077 0.3045119 -0.0450068 
659.117 0.3025778 -0.0452934 
659.157 0.3007966 -0.0456048 
659.197 0.2991782 -0.0459125 
659.237 0.2977240 -0.0461851 
659.277 0.2964258 -0.0463922 
659.317 0.2952678 -0.0465074 
659.357 0.2942291 -0.0465109 
659.397 0.2932871 -0.0463891 
659.437 0.2924196 -0.0461335 
659.477 0.2916059 -0.0457389 
659.517 0.2908257 -0.0452010 
659.557 0.2900575 -0.0445167 
659.597 0.2892774 -0.0436848 
659.637 0.2884581 -0.0427088 
659.677 0.2875714 -0.0415991 
659.717 0.2865904 -0.0403748 
659.757 0.2854944 -0.0390631 
659.797 0.2842717 -0.0376965 
659.837 0.2829216 -0.0363084 
659.877 0.2814537 -0.0349291 
659.917 0.2798853 -0.0335817 
659.957 0.2782373 -0.0322799 
659.997 0.2765300 -0.0310291 
660.037 0.2747797 -0.0298275 
660.077 0.2729975 -0.0286702 
660.117 0.2711887 -0.0275517 
660.157 0.2693550 -0.0264688 
660.197 0.2674969 -0.0254212 
660.237 0.2656156 -0.0244110 
660.277 0.2637145 -0.0234415 
660.317 0.2617993 -0.0225147 
660.357 0.2598767 -0.0216300 
660.397 0.2579524 -0.0207840 
660.437 0.2560297 -0.0199711 
660.477 0.2541081 -0.0191856 
660.517 0.2521836 -0.0184231 
660.557 0.2502501 -0.0176831 
660.597 0.2483018 -0.0169694 
660.637 0.2463348 -0.0162895 
660.677 0.2443498 -0.0156532 
660.717 0.2423517 -0.0150700 
660.757 0.2403498 -0.0145472 
660.797 0.2383557 -0.0140880 
660.837 0.2363815 -0.0136912 
660.877 0.2344373 -0.0133515 
660.917 0.2325301 -0.0130611 
660.957 0.2306630 -0.0128116 
660.997 0.2288361 -0.0125957 
661.037 0.2270473 -0.0124088 
661.077 0.2252947 -0.0122490 
661.117 0.2235777 -0.0121170 
661.157 0.2218986 -0.0120142 
661.197 0.2202630 -0.0119415 
661.237 0.2186791 -0.0118966 
661.277 0.2171561 -0.0118729 
661.317 0.2157018 -0.0118591 
661.357 0.2143202 -0.0118394 
661.397 0.2130096 -0.0117956 
661.437 0.2117616 -0.0117099 
661.477 0.2105613 -0.0115672 
661.517 0.2093890 -0.0113577 
661.557 0.2082224 -0.0110789 
661.597 0.2070394 -0.0107353 
661.637 0.2058206 -0.0103378 
661.677 0.2045515 -0.0099027 
661.717 0.2032230 -0.0094488 
661.757 0.2018323 -0.0089961 
661.797 0.2003821 -0.0085636 
661.837 0.1988802 -0.0081679 
661.877 0.1973378 -0.0078219 
661.917 0.1957684 -0.0075342 
661.957 0.1941866 -0.0073093 
661.997 0.1926058 -0.0071470 
662.037 0.1910376 -0.0070441 
662.077 0.1894910 -0.0069953 
662.117 0.1879719 -0.0069945 
662.157 0.1864843 -0.0070363 
662.197 0.1850305 -0.0071160 
662.237 0.1836126 -0.0072301 
662.277 0.1822330 -0.0073757 
662.317 0.1808947 -0.0075499 
662.357 0.1796011 -0.0077486 
662.397 0.1783549 -0.0079668 
662.437 0.1771582 -0.0081984 
662.477 0.1760112 -0.0084370 
662.517 0.1749130 -0.0086760 
662.557 0.1738610 -0.0089099 
662.597 0.1728517 -0.0091338 
662.637 0.1718815 -0.0093442 
662.677 0.1709463 -0.0095383 
662.717 0.1700424 -0.0097139 
662.757 0.1691657 -0.0098693 
662.797 0.1683122 -0.0100032 
662.837 0.1674774 -0.0101149 
662.877 0.1666566 -0.0102045 
662.917 0.1658452 -0.0102731 
662.957 0.1650388 -0.0103231 
662.997 0.1642342 -0.0103580 
663.037 0.1634289 -0.0103820 
663.077 0.1626225 -0.0103994 
663.117 0.1618156 -0.0104144 
663.157 0.1610103 -0.0104303 
663.197 0.1602092 -0.0104492 
663.237 0.1594155 -0.0104718 
663.277 0.1586316 -0.0104975 
663.317 0.1578595 -0.0105252 
663.357 0.1570999 -0.0105531 
663.397 0.1563530 -0.0105795 
663.437 0.1556180 -0.0106034 
663.477 0.1548940 -0.0106245 
663.517 0.1541804 -0.0106429 
663.557 0.1534770 -0.0106593 
663.597 0.1527844 -0.0106745 
663.637 0.1521040 -0.0106887 
663.677 0.1514373 -0.0107012 
663.717 0.1507858 -0.0107107 
663.757 0.1501504 -0.0107149 
663.797 0.1495313 -0.0107113 
663.837 0.1489276 -0.0106972 
663.877 0.1483379 -0.0106701 
663.917 0.1477599 -0.0106282 
663.957 0.1471911 -0.0105701 
663.997 0.1466288 -0.0104951 
664.037 0.1460703 -0.0104028 
664.077 0.1455126 -0.0102934 
664.117 0.1449529 -0.0101676 
664.157 0.1443883 -0.0100264 
664.197 0.1438158 -0.0098719 
664.237 0.1432332 -0.0097067 
664.277 0.1426388 -0.0095342 
664.317 0.1420319 -0.0093583 
664.357 0.1414131 -0.0091825 
664.397 0.1407840 -0.0090101 
664.437 0.1401469 -0.0088437 
664.477 0.1395047 -0.0086845 
664.517 0.1388599 -0.0085330 
664.557 0.1382150 -0.0083888 
664.597 0.1375717 -0.0082507 
664.637 0.1369310 -0.0081177 
664.677 0.1362932 -0.0079884 
664.717 0.1356583 -0.0078620 
664.757 0.1350262 -0.0077379 
664.797 0.1343965 -0.0076159 
664.837 0.1337690 -0.0074958 
664.877 0.1331437 -0.0073776 
664.917 0.1325206 -0.0072612 
664.957 0.1318997 -0.0071465 
664.997 0.1312808 -0.0070333 
665.037 0.1306636 -0.0069214 
665.077 0.1300478 -0.0068110 
665.117 0.1294331 -0.0067023 
665.157 0.1288192 -0.0065956 
665.197 0.1282060 -0.0064914 
665.237 0.1275935 -0.0063904 
665.277 0.1269821 -0.0062929 
665.317 0.1263722 -0.0061996 
665.357 0.1257643 -0.0061105 
665.397 0.1251590 -0.0060257 
665.437 0.1245568 -0.0059452 
665.477 0.1239580 -0.0058687 
665.517 0.1233631 -0.0057961 
665.557 0.1227722 -0.0057270 
665.597 0.1221856 -0.0056613 
665.637 0.1216033 -0.0055985 
665.677 0.1210254 -0.0055386 
665.717 0.1204520 -0.0054812 
665.757 0.1198830 -0.0054263 
665.797 0.1193186 -0.0053736 
665.837 0.1187586 -0.0053229 
665.877 0.1182031 -0.0052742 
665.917 0.1176520 -0.0052272 
665.957 0.1171053 -0.0051818 
665.997 0.1165629 -0.0051379 
666.037 0.1160249 -0.0050953 
666.077 0.1154910 -0.0050541 
666.117 0.1149613 -0.0050140 
666.157 0.1144357 -0.0049750 
666.197 0.1139140 -0.0049370 
666.237 0.1133963 -0.0049001 
666.277 0.1128825 -0.0048641 
666.317 0.1123724 -0.0048290 
666.357 0.1118661 -0.0047949 
666.397 0.1113635 -0.0047616 
666.437 0.1108646 -0.0047291 
666.477 0.1103692 -0.0046975 
666.517 0.1098774 -0.0046667 
666.557 0.1093891 -0.0046367 
666.597 0.1089044 -0.0046076 
666.637 0.1084231 -0.0045792 
666.677 0.1079452 -0.0045518 
666.717 0.1074709 -0.0045251 
666.757 0.1070001 -0.0044993 
666.797 0.1065328 -0.0044743 
666.837 0.1060691 -0.0044501 
666.877 0.1056092 -0.0044266 
666.917 0.1051529 -0.0044038 
666.957 0.1047005 -0.0043814 
666.997 0.1042520 -0.0043594 
667.037 0.1038072 -0.0043374 
667.077 0.1033662 -0.0043154 
667.117 0.1029289 -0.0042930 
667.157 0.1024950 -0.0042701 
667.197 0.1020643 -0.0042465 
667.237 0.1016365 -0.0042222 
667.277 0.1012113 -0.0041971 
667.317 0.1007885 -0.0041713 
667.357 0.1003678 -0.0041450 
667.397 0.0999490 -0.0041183 
667.437 0.0995320 -0.0040914 
667.477 0.0991168 -0.0040645 
667.517 0.0987033 -0.0040378 
667.557 0.0982916 -0.0040114 
667.597 0.0978817 -0.0039855 
667.637 0.0974736 -0.0039601 
667.677 0.0970676 -0.0039353 
667.717 0.0966635 -0.0039111 
667.757 0.0962615 -0.0038875 
667.797 0.0958616 -0.0038645 
667.837 0.0954638 -0.0038421 
667.877 0.0950682 -0.0038202 
667.917 0.0946748 -0.0037989 
667.957 0.0942834 -0.0037781 
667.997 0.0938943 -0.0037577 
668.037 0.0935072 -0.0037378 
668.077 0.0931223 -0.0037184 
668.117 0.0927395 -0.0036994 
668.157 0.0923587 -0.0036808 
668.197 0.0919799 -0.0036626 
668.237 0.0916032 -0.0036448 
668.277 0.0912284 -0.0036274 
668.317 0.0908555 -0.0036104 
668.357 0.0904845 -0.0035937 
668.397 0.0901154 -0.0035775 
668.437 0.0897482 -0.0035616 
668.477 0.0893827 -0.0035461 
668.517 0.0890190 -0.0035311 
668.557 0.0886571 -0.0035164 
668.597 0.0882968 -0.0035022 
668.637 0.0879382 -0.0034883 
668.677 0.0875813 -0.0034750 
668.717 0.0872259 -0.0034621 
668.757 0.0868722 -0.0034498 
668.797 0.0865199 -0.0034379 
668.837 0.0861692 -0.0034266 
668.877 0.0858199 -0.0034160 
668.917 0.0854722 -0.0034059 
668.957 0.0851259 -0.0033965 
668.997 0.0847810 -0.0033879 
669.037 0.0844376 -0.0033800 
669.077 0.0840958 -0.0033729 
669.117 0.0837554 -0.0033667 
669.157 0.0834166 -0.0033613 
669.197 0.0830794 -0.0033568 
669.237 0.0827439 -0.0033531 
669.277 0.0824101 -0.0033501 
669.317 0.0820781 -0.0033478 
669.357 0.0817478 -0.0033460 
669.397 0.0814192 -0.0033447 
669.437 0.0810921 -0.0033436 
669.477 0.0807664 -0.0033427 
669.517 0.0804418 -0.0033419 
669.557 0.0801181 -0.0033412 
669.597 0.0797949 -0.0033407 
669.637 0.0794720 -0.0033406 
669.677 0.0791492 -0.0033412 
669.717 0.0788262 -0.0033427 
669.757 0.0785029 -0.0033457 
669.797 0.0781794 -0.0033503 
669.837 0.0778556 -0.0033571 
669.877 0.0775318 -0.0033665 
669.917 0.0772081 -0.0033787 
669.957 0.0768847 -0.0033940 
669.997 0.0765621 -0.0034128 
670.037 0.0762404 -0.0034351 
670.077 0.0759199 -0.0034611 
670.117 0.0756010 -0.0034910 
670.157 0.0752840 -0.0035250 
670.197 0.0749692 -0.0035631 
670.237 0.0746571 -0.0036054 
670.277 0.0743480 -0.0036519 
670.317 0.0740426 -0.0037026 
670.357 0.0737412 -0.0037574 
670.397 0.0734444 -0.0038159 
670.437 0.0731525 -0.0038778 
670.477 0.0728659 -0.0039427 
670.517 0.0725848 -0.0040100 
670.557 0.0723092 -0.0040795 
670.597 0.0720393 -0.0041505 
670.637 0.0717748 -0.0042227 
670.677 0.0715158 -0.0042957 
670.717 0.0712620 -0.0043691 
670.757 0.0710131 -0.0044427 
670.797 0.0707687 -0.0045164 
670.837 0.0705287 -0.0045901 
670.877 0.0702926 -0.0046640 
670.917 0.0700604 -0.0047384 
670.957 0.0698321 -0.0048135 
670.997 0.0696080 -0.0048896 
671.037 0.0693882 -0.0049666 
671.077 0.0691730 -0.0050447 
671.117 0.0689624 -0.0051237 
671.157 0.0687566 -0.0052038 
671.197 0.0685557 -0.0052853 
671.237 0.0683599 -0.0053687 
671.277 0.0681700 -0.0054545 
671.317 0.0679872 -0.0055431 
671.357 0.0678133 -0.0056345 
671.397 0.0676503 -0.0057279 
671.437 0.0675001 -0.0058216 
671.477 0.0673639 -0.0059130 
671.517 0.0672422 -0.0059988 
671.557 0.0671342 -0.0060760 
671.597 0.0670381 -0.0061414 
671.637 0.0669511 -0.0061931 
671.677 0.0668702 -0.0062299 
671.717 0.0667923 -0.0062518 
671.757 0.0667150 -0.0062595 
671.797 0.0666362 -0.0062542 
671.837 0.0665547 -0.0062368 
671.877 0.0664696 -0.0062086 
671.917 0.0663799 -0.0061702 
671.957 0.0662848 -0.0061225 
671.997 0.0661834 -0.0060663 
672.037 0.0660748 -0.0060027 
672.077 0.0659584 -0.0059331 
672.117 0.0658338 -0.0058589 
672.157 0.0657011 -0.0057813 
672.197 0.0655607 -0.0057014 
672.237 0.0654128 -0.0056197 
672.277 0.0652575 -0.0055365 
672.317 0.0650944 -0.0054521 
672.357 0.0649226 -0.0053671 
672.397 0.0647414 -0.0052826 
672.437 0.0645499 -0.0052003 
672.477 0.0643479 -0.0051223 
672.517 0.0641358 -0.0050512 
672.557 0.0639148 -0.0049894 
672.597 0.0636869 -0.0049391 
672.637 0.0634543 -0.0049018 
672.677 0.0632198 -0.0048785 
672.717 0.0629863 -0.0048698 
672.757 0.0627565 -0.0048755 
672.797 0.0625333 -0.0048951 
672.837 0.0623193 -0.0049277 
672.877 0.0621175 -0.0049719 
672.917 0.0619306 -0.0050255 
672.957 0.0617611 -0.0050856 
672.997 0.0616110 -0.0051485 
673.037 0.0614813 -0.0052096 
673.077 0.0613718 -0.0052640 
673.117 0.0612808 -0.0053066 
673.157 0.0612050 -0.0053329 
673.197 0.0611397 -0.0053396 
673.237 0.0610797 -0.0053249 
673.277 0.0610195 -0.0052887 
673.317 0.0609538 -0.0052324 
673.357 0.0608784 -0.0051588 
673.397 0.0607901 -0.0050711 
673.437 0.0606870 -0.0049734 
673.477 0.0605679 -0.0048692 
673.517 0.0604324 -0.0047624 
673.557 0.0602810 -0.0046563 
673.597 0.0601146 -0.0045540 
673.637 0.0599343 -0.0044586 
673.677 0.0597422 -0.0043726 
673.717 0.0595406 -0.0042984 
673.757 0.0593324 -0.0042377 
673.797 0.0591206 -0.0041915 
673.837 0.0589086 -0.0041602 
673.877 0.0586995 -0.0041433 
673.917 0.0584963 -0.0041397 
673.957 0.0583015 -0.0041480 
673.997 0.0581172 -0.0041662 
674.037 0.0579453 -0.0041920 
674.077 0.0577868 -0.0042229 
674.117 0.0576427 -0.0042562 
674.157 0.0575132 -0.0042894 
674.197 0.0573981 -0.0043196 
674.237 0.0572968 -0.0043440 
674.277 0.0572079 -0.0043604 
674.317 0.0571298 -0.0043663 
674.357 0.0570603 -0.0043602 
674.397 0.0569970 -0.0043406 
674.437 0.0569375 -0.0043067 
674.477 0.0568791 -0.0042582 
674.517 0.0568191 -0.0041951 
674.557 0.0567550 -0.0041179 
674.597 0.0566844 -0.0040279 
674.637 0.0566050 -0.0039265 
674.677 0.0565150 -0.0038157 
674.717 0.0564132 -0.0036980 
674.757 0.0562988 -0.0035757 
674.797 0.0561717 -0.0034513 
674.837 0.0560324 -0.0033272 
674.877 0.0558817 -0.0032053 
674.917 0.0557209 -0.0030873 
674.957 0.0555511 -0.0029745 
674.997 0.0553739 -0.0028677 
675.037 0.0551908 -0.0027674 
675.077 0.0550029 -0.0026740 
675.117 0.0548116 -0.0025874 
675.157 0.0546178 -0.0025074 
675.197 0.0544226 -0.0024338 
675.237 0.0542267 -0.0023663 
675.277 0.0540307 -0.0023044 
675.317 0.0538352 -0.0022477 
675.357 0.0536405 -0.0021958 
675.397 0.0534471 -0.0021483 
675.437 0.0532551 -0.0021047 
675.477 0.0530647 -0.0020646 
675.517 0.0528761 -0.0020276 
675.557 0.0526894 -0.0019935 
675.597 0.0525045 -0.0019620 
675.637 0.0523214 -0.0019327 
675.677 0.0521403 -0.0019054 
675.717 0.0519610 -0.0018799 
675.757 0.0517834 -0.0018560 
675.797 0.0516077 -0.0018336 
675.837 0.0514336 -0.0018125 
675.877 0.0512612 -0.0017925 
675.917 0.0510904 -0.0017736 
675.957 0.0509212 -0.0017556 
675.997 0.0507535 -0.0017385 
676.037 0.0505872 -0.0017222 
676.077 0.0504223 -0.0017067 
676.117 0.0502587 -0.0016918 
676.157 0.0500965 -0.0016774 
676.197 0.0499356 -0.0016637 
676.237 0.0497758 -0.0016505 
676.277 0.0496173 -0.0016377 
676.317 0.0494599 -0.0016254 
676.357 0.0493036 -0.0016135 
676.397 0.0491484 -0.0016019 
676.437 0.0489943 -0.0015907 
676.477 0.0488412 -0.0015799 
676.517 0.0486890 -0.0015693 
676.557 0.0485379 -0.0015591 
676.597 0.0483877 -0.0015491 
676.637 0.0482383 -0.0015394 
676.677 0.0480899 -0.0015299 
676.717 0.0479424 -0.0015206 
676.757 0.0477957 -0.0015116 
676.797 0.0476498 -0.0015027 
676.837 0.0475047 -0.0014941 
676.877 0.0473604 -0.0014856 
676.917 0.0472169 -0.0014773 
676.957 0.0470741 -0.0014692 
676.997 0.0469321 -0.0014613 
677.037 0.0467907 -0.0014534 
677.077 0.0466501 -0.0014458 
677.117 0.0465102 -0.0014383 
677.157 0.0463709 -0.0014309 
677.197 0.0462323 -0.0014236 
677.237 0.0460943 -0.0014165 
677.277 0.0459570 -0.0014095 
677.317 0.0458203 -0.0014026 
677.357 0.0456842 -0.0013958 
677.397 0.0455487 -0.0013891 
677.437 0.0454138 -0.0013825 
677.477 0.0452795 -0.0013760 
677.517 0.0451457 -0.0013696 
677.557 0.0450126 -0.0013632 
677.597 0.0448799 -0.0013569 
677.637 0.0447478 -0.0013506 
677.677 0.0446162 -0.0013444 
677.717 0.0444851 -0.0013382 
677.757 0.0443545 -0.0013320 
677.797 0.0442243 -0.0013259 
677.837 0.0440946 -0.0013198 
677.877 0.0439653 -0.0013137 
677.917 0.0438364 -0.0013076 
677.957 0.0437078 -0.0013015 
677.997 0.0435797 -0.0012954 
678.037 0.0434519 -0.0012894 
678.077 0.0433244 -0.0012834 
678.117 0.0431973 -0.0012774 
678.157 0.0430705 -0.0012715 
678.197 0.0429440 -0.0012655 
678.237 0.0428178 -0.0012596 
678.277 0.0426919 -0.0012537 
678.317 0.0425663 -0.0012478 
678.357 0.0424409 -0.0012420 
678.397 0.0423158 -0.0012361 
678.437 0.0421909 -0.0012302 
678.477 0.0420663 -0.0012243 
678.517 0.0419418 -0.0012184 
678.557 0.0418175 -0.0012125 
678.597 0.0416933 -0.0012065 
678.637 0.0415692 -0.0012005 
678.677 0.0414452 -0.0011944 
678.717 0.0413213 -0.0011883 
678.757 0.0411974 -0.0011822 
678.797 0.0410735 -0.0011760 
678.837 0.0409496 -0.0011698 
678.877 0.0408256 -0.0011636 
678.917 0.0407015 -0.0011575 
678.957 0.0405774 -0.0011513 
678.997 0.0404532 -0.0011452 
679.037 0.0403289 -0.0011391 
679.077 0.0402045 -0.0011329 
679.117 0.0400800 -0.0011267 
679.157 0.0399553 -0.0011205 
679.197 0.0398305 -0.0011141 
679.237 0.0397055 -0.0011075 
679.277 0.0395802 -0.0011007 
679.317 0.0394545 -0.0010936 
679.357 0.0393283 -0.0010863 
679.397 0.0392015 -0.0010786 
679.437 0.0390739 -0.0010706 
679.477 0.0389455 -0.0010623 
679.517 0.0388162 -0.0010538 
679.557 0.0386857 -0.0010449 
679.597 0.0385540 -0.0010359 
679.637 0.0384209 -0.0010268 
679.677 0.0382863 -0.0010176 
679.717 0.0381500 -0.0010084 
679.757 0.0380120 -0.0009993 
679.797 0.0378721 -0.0009905 
679.837 0.0377303 -0.0009821 
679.877 0.0375863 -0.0009743 
679.917 0.0374402 -0.0009671 
679.957 0.0372920 -0.0009608 
679.997 0.0371418 -0.0009554 
680.037 0.0369894 -0.0009510 
680.077 0.0368350 -0.0009477 
680.117 0.0366786 -0.0009452 
680.157 0.0365202 -0.0009437 
680.197 0.0363597 -0.0009427 
680.237 0.0361968 -0.0009423 
680.277 0.0360313 -0.0009421 
680.317 0.0358629 -0.0009421 
680.357 0.0356910 -0.0009420 
680.397 0.0355153 -0.0009419 
680.437 0.0353351 -0.0009418 
680.477 0.0351499 -0.0009415 
680.517 0.0349591 -0.0009412 
680.557 0.0347620 -0.0009408 
680.597 0.0345579 -0.0009405 
680.637 0.0343460 -0.0009402 
680.677 0.0341254 -0.0009399 
680.717 0.0338950 -0.0009396 
680.757 0.0336537 -0.0009393 
680.797 0.0334000 -0.0009390 
680.837 0.0331323 -0.0009386 
680.877 0.0328486 -0.0009382 
680.917 0.0325469 -0.0009378 
680.957 0.0322246 -0.0009373 
680.997 0.0318786 -0.0009368 
681.037 0.0315055 -0.0009362 
681.077 0.0311012 -0.0009355 
681.117 0.0306611 -0.0009347 
681.157 0.0301797 -0.0009337 
681.197 0.0296507 -0.0009325 
681.237 0.0290673 -0.0009310 
681.277 0.0284218 -0.0009291 
681.317 0.0277062 -0.0009268 
681.357 0.0269128 -0.0009240 
681.397 0.0260344 -0.0009207 
681.437 0.0250658 -0.0009169 
681.477 0.0240050 -0.0009125 
681.517 0.0228544 -0.0009075 
681.557 0.0216229 -0.0009020 
681.597 0.0203262 -0.0008961 
681.637 0.0189880 -0.0008899 
681.677 0.0176379 -0.0008835 
