10.15 0.89416 1.8899
10.3117 0.936771 1.92644
10.4761 1.70406 1.96368
10.6431 1.99348 2.00165
10.8128 2.17788 2.04035
10.9853 2.31338 2.0798
11.1606 2.42073 2.12001
11.3386 2.50997 2.161
11.5196 2.5869 2.20278
11.7035 2.65496 2.24537
11.8904 2.71657 2.28879
12.0803 2.77376 2.33304
12.2732 2.82702 2.37676
12.4693 2.87676 2.4213
12.6686 2.92397 2.46667
12.871 2.96927 2.51289
13.0768 3.0132 2.55998
13.2859 3.05611 2.60796
13.4983 3.09838 2.65683
13.7142 3.14033 2.70662
13.9336 3.18222 2.75734
14.1566 3.2243 2.80901
14.3831 3.26681 2.86165
14.6133 3.31002 2.91527
14.8473 3.35417 2.96991
15.085 3.3995 3.02556
15.3265 3.44632 3.08226
15.572 3.49497 3.14002
15.8214 3.54584 3.19886
16.0749 3.59947 3.2588
16.3325 3.65667 3.31987
16.5942 3.71952 3.38209
16.8602 3.79095 3.44217
17.1305 3.86309 3.48884
17.4051 3.93126 3.53615
17.6842 3.99966 3.58409
17.9678 4.0696 3.63268
18.256 4.14217 3.68194
18.5489 4.21868 3.73186
18.8464 4.30133 3.78246
19.1488 4.39945 3.83374
19.4561 4.50036 3.85544
19.7684 4.58984 3.87253
20.0857 4.67394 3.8897
20.4082 4.75589 3.90694
20.7358 4.83706 3.92427
21.0688 4.91856 3.94166
21.4071 5.00142 3.95914
21.7509 5.08704 3.97669
22.1003 5.17783 3.99432
22.4553 5.28326 4.01203
22.8161 5.394 4.0003
23.1827 5.49069 3.97304
23.5553 5.57503 3.94596
23.9338 5.65312 3.91906
24.3185 5.72705 3.89235
24.7094 5.79821 3.86582
25.1066 5.86804 3.83947
25.5103 5.93945 3.8133
25.9205 6.01732 3.78323
26.3373 6.08889 3.72987
26.7609 6.14579 3.67726
27.1913 6.19481 3.62539
27.6286 6.23762 3.57425
28.0731 6.27505 3.52383
28.5247 6.3076 3.47413
28.9837 6.33551 3.42513
29.45 6.35895 3.37693
29.9239 6.3783 3.32983
30.4055 6.39382 3.28339
30.8949 6.40537 3.23759
31.3921 6.41292 3.19243
31.8975 6.41637 3.14791
32.4109 6.41564 3.104
32.9327 6.41037 3.0607
33.463 6.40001 3.01801
34.0018 6.38356 2.9769
34.5493 6.3636 2.94108
35.1057 6.3416 2.90568
35.6711 6.31615 2.87072
36.2456 6.28694 2.83618
36.8294 6.25425 2.80205
37.4227 6.22258 2.76833
38.0255 6.18245 2.71646
38.6382 6.12438 2.66435
39.2607 6.05182 2.61324
39.8932 5.96462 2.56311
40.5361 5.86083 2.51394
41.1893 5.73759 2.46597
41.8531 5.5924 2.4214
42.5276 5.42033 2.37764
43.213 5.20892 2.33467
43.9095 4.93597 2.30245
44.6173 4.62352 2.33906
45.3365 4.27247 2.37625
46.0674 3.76493 2.41403
46.81 3.16643 2.7447
47.5647 2.63629 3.25644
48.3316 2.14686 3.86359
49.1109 1.4919 4.58393
49.9028 1.04452 6.20992
50.7076 1.84976 8.3674
51.5253 3.2095 8.94377
52.3562 4.35108 9.43837
53.2006 5.43097 9.46
54.0587 6.34452 9.3757
54.9306 7.0868 9.05133
55.8167 7.62478 8.73819
56.717 8.05322 8.43393
57.632 8.40059 8.1393
58.5617 8.68117 7.85497
59.5064 8.89507 7.58057
60.4665 9.05933 7.35293
61.4421 9.2111 7.16484
62.4334 9.35706 6.98157
63.4408 9.48892 6.80299
64.4645 9.60502 6.62897
65.5047 9.70493 6.4594
66.5618 9.78387 6.29418
67.6359 9.84816 6.14892
68.7275 9.90814 6.01221
69.8367 9.96082 5.87852
70.9638 10.0029 5.74781
72.1091 10.0315 5.62
73.273 10.0364 5.49504
74.4557 10.0241 5.40548
75.6576 10.0218 5.34635
76.8789 10.0334 5.28786
78.1199 10.0478 5.23001
79.381 10.0612 5.1728
80.6625 10.0691 5.1162
81.9647 10.069 5.06786
83.288 10.0713 5.03821
84.6327 10.0832 5.00872
85.9991 10.0964 4.9794
87.3877 10.11 4.95026
88.7987 10.1226 4.92129
90.2325 10.133 4.89248
91.6895 10.14 4.86385
93.1701 10.1417 4.83538
94.6746 10.1334 4.80708
96.2035 10.1006 4.77895
97.7571 10.0664 4.80833
99.3358 10.0582 4.84354
100.94 10.0627 4.87899
102.57 10.0751 4.91472
104.227 10.0934 4.9507
105.91 10.1165 4.98695
107.621 10.1437 5.02345
109.359 10.173 5.06023
111.125 10.2062 5.09728
112.92 10.2425 5.13662
114.744 10.2828 5.17671
116.598 10.3267 5.21712
118.481 10.3741 5.25785
120.395 10.4247 5.29889
122.34 10.4788 5.34025
124.316 10.5365 5.38194
126.325 10.5983 5.42395
128.365 10.6654 5.46629
130.439 10.7398 5.5066
132.547 10.8161 5.53684
134.688 10.8904 5.56727
136.864 10.9661 5.59785
139.075 11.044 5.6286
141.322 11.125 5.65952
143.606 11.2102 5.69061
145.926 11.3016 5.72187
148.284 11.4062 5.75331
150.68 11.5212 5.76483
153.114 11.628 5.75371
155.589 11.7222 5.74262
158.103 11.811 5.73156
160.657 11.8963 5.72051
163.253 11.9793 5.70948
165.892 12.0607 5.69848
168.572 12.1408 5.6875
171.296 12.2202 5.67653
174.065 12.2999 5.66559
176.877 12.3803 5.65301
179.736 12.4592 5.63644
182.641 12.5354 5.61993
185.592 12.6103 5.60345
188.592 12.6842 5.58703
191.639 12.7575 5.57066
194.737 12.8305 5.55434
197.884 12.9039 5.53806
201.082 12.9772 5.52017
204.332 13.0496 5.50172
207.635 13.1215 5.48333
210.99 13.1932 5.465
214.401 13.2653 5.44674
217.866 13.3379 5.42853
221.387 13.4116 5.41039
224.966 13.4867 5.3923
228.602 13.5641 5.37429
232.297 13.6451 5.35632
236.052 13.7323 5.33842
239.867 13.8364 5.32057
243.745 13.9469 5.26706
247.685 14.0391 5.19443
251.688 14.1145 5.1228
255.757 14.1807 5.05216
259.891 14.2402 4.98249
264.092 14.2942 4.91378
268.361 14.3435 4.84602
272.699 14.3886 4.7792
277.107 14.4303 4.71329
281.587 14.4688 4.6483
286.139 14.505 4.5842
290.765 14.5413 4.52098
295.465 14.5749 4.45086
300.242 14.6014 4.37922
305.095 14.6219 4.30873
310.028 14.6378 4.23938
315.04 14.6493 4.17114
320.133 14.6569 4.104
325.308 14.6607 4.03795
330.568 14.6606 3.97296
335.912 14.6569 3.90901
341.342 14.6495 3.84609
346.861 14.6385 3.78419
352.469 14.6238 3.72328
358.167 14.6054 3.66298
363.958 14.583 3.6035
369.842 14.5564 3.54499
375.822 14.5256 3.48742
381.898 14.4906 3.4308
388.072 14.4512 3.37508
394.347 14.4074 3.32028
400.723 14.359 3.26636
407.202 14.3063 3.21332
413.785 14.2504 3.16114
420.476 14.1914 3.10587
427.274 14.123 3.04259
434.182 14.0419 2.98059
441.202 13.9503 2.91986
448.336 13.848 2.86037
455.585 13.7344 2.80209
462.952 13.6087 2.745
470.437 13.4694 2.68907
478.044 13.3136 2.63428
485.773 13.1414 2.586
493.628 12.9547 2.54166
501.609 12.7507 2.49807
509.72 12.5253 2.45524
517.962 12.2745 2.41314
526.337 11.993 2.37176
534.848 11.6744 2.33115
543.496 11.3113 2.29292
552.284 10.894 2.25534
561.215 10.4062 2.21646
570.289 9.82404 2.17739
579.511 9.11396 2.13934
588.882 8.20872 2.10212
598.404 7.02708 2.06565
608.08 5.36138 2.02981
617.913 2.70144 1.9946
620.157 1.83868 1.98361
620.197 1.82184 1.98352
620.237 1.80501 1.98344
620.277 1.78813 1.98335
620.317 1.77122 1.98328
620.357 1.75428 1.9832
620.397 1.73728 1.9831
620.437 1.72023 1.98302
620.477 1.70314 1.98294
620.517 1.68599 1.98285
620.557 1.6688 1.98277
620.597 1.65157 1.9827
620.637 1.63428 1.98261
620.677 1.61694 1.98252
620.717 1.59955 1.98244
620.757 1.58211 1.98235
620.797 1.56461 1.98227
620.837 1.54706 1.98219
620.877 1.52946 1.98211
620.917 1.51181 1.98203
620.957 1.49411 1.98195
620.997 1.47635 1.98186
621.037 1.45853 1.98178
621.077 1.44066 1.98171
621.117 1.42273 1.98162
621.157 1.40475 1.98154
621.197 1.38671 1.98145
621.237 1.36861 1.98137
621.277 1.35046 1.98129
621.317 1.33225 1.98121
621.357 1.31398 1.98113
621.397 1.29566 1.98105
621.437 1.27726 1.98096
621.477 1.25882 1.9809
621.517 1.24032 1.98081
621.557 1.22175 1.98074
621.597 1.20313 1.98067
621.637 1.18446 1.98059
621.677 1.1657 1.9805
621.717 1.1469 1.98044
621.757 1.12804 1.98036
621.797 1.10911 1.98028
621.837 1.09011 1.9802
621.877 1.07106 1.98014
621.917 1.05195 1.98007
621.957 1.03277 1.97998
621.997 1.01352 1.97991
622.037 0.994214 1.97984
622.077 0.974841 1.97977
622.117 0.955395 1.97969
622.157 0.935894 1.97964
622.197 0.916324 1.97956
622.237 0.896686 1.9795
622.277 0.876995 1.97944
622.317 0.857223 1.97935
622.357 0.837373 1.97929
622.397 0.817473 1.97924
622.437 0.797509 1.97918
622.477 0.777463 1.97911
622.517 0.757357 1.97905
622.557 0.737176 1.97898
622.597 0.716922 1.97893
622.637 0.696603 1.97887
622.677 0.676214 1.97881
622.717 0.655753 1.97875
622.757 0.635212 1.97869
622.797 0.614609 1.97864
622.837 0.593928 1.97858
622.877 0.573171 1.97853
622.917 0.552347 1.97848
622.957 0.53145 1.97843
622.997 0.510477 1.97838
623.037 0.489421 1.97833
623.077 0.468301 1.97829
623.117 0.447098 1.97823
623.157 0.425818 1.9782
623.197 0.404466 1.97816
623.237 0.383037 1.97811
623.277 0.36153 1.97807
623.317 0.339934 1.97802
623.357 0.318264 1.978
623.397 0.29653 1.97797
623.437 0.274704 1.97792
623.477 0.252793 1.97789
623.517 0.230797 1.97785
623.557 0.208732 1.97784
623.597 0.186581 1.9778
623.637 0.164346 1.97778
623.677 0.142035 1.97776
623.717 0.119641 1.97774
623.757 0.0971637 1.97772
623.797 0.0745988 1.97769
623.837 0.0519383 1.97766
623.877 0.029195 1.97766
623.917 0.00637286 1.97765
623.957 -0.0165344 1.97763
623.997 -0.0395302 1.97762
624.037 -0.0626225 1.9776
624.077 -0.085793 1.97761
624.117 -0.109059 1.97759
624.157 -0.132419 1.97759
624.197 -0.155872 1.97759
624.237 -0.179402 1.97761
624.277 -0.203027 1.9776
624.317 -0.22674 1.97762
624.357 -0.250554 1.97761
624.397 -0.274473 1.97762
624.437 -0.298468 1.97765
624.477 -0.322561 1.97766
624.517 -0.346744 1.97768
624.557 -0.371032 1.97768
624.597 -0.395428 1.97771
624.637 -0.419904 1.97775
624.677 -0.444481 1.97777
624.717 -0.469159 1.97781
624.757 -0.493929 1.97784
624.797 -0.518798 1.97788
624.837 -0.546814 1.97791
624.877 -0.571905 1.97794
624.917 -0.597094 1.97799
624.957 -0.62238 1.97804
624.997 -0.64777 1.97809
625.037 -0.673274 1.97814
625.077 -0.698879 1.9782
625.117 -0.724583 1.97826
625.157 -0.750392 1.97832
625.197 -0.776963 1.97838
625.237 -0.802985 1.97846
625.277 -0.829122 1.97852
625.317 -0.855381 1.97859
625.357 -0.881732 1.97869
625.397 -0.908198 1.97876
625.437 -0.934778 1.97885
625.477 -0.961466 1.97894
625.517 -0.988268 1.97903
625.557 -1.01519 1.97911
625.597 -1.04223 1.97922
625.637 -1.06938 1.97932
625.677 -1.09666 1.97942
625.717 -1.12405 1.97954
625.757 -1.15155 1.97966
625.797 -1.17917 1.97978
625.837 -1.20692 1.9799
625.877 -1.23478 1.98003
625.917 -1.26277 1.98014
625.957 -1.29089 1.9803
625.997 -1.31912 1.98043
626.037 -1.34748 1.98058
626.077 -1.37597 1.98072
626.117 -1.40458 1.98087
626.157 -1.43332 1.98104
626.197 -1.4622 1.98118
626.237 -1.4912 1.98136
626.277 -1.52033 1.98152
626.317 -1.54959 1.9817
626.357 -1.57898 1.98188
626.397 -1.60852 1.98205
626.437 -1.63818 1.98225
626.477 -1.66798 1.98244
626.517 -1.69793 1.98263
626.557 -1.72801 1.98285
626.597 -1.75823 1.98306
626.637 -1.78858 1.98329
626.677 -1.81907 1.98349
626.717 -1.84972 1.98372
626.757 -1.8805 1.98396
626.797 -1.91142 1.98419
626.837 -1.94251 1.98443
626.877 -1.97373 1.98469
626.917 -2.0051 1.98495
626.957 -2.03661 1.98521
626.997 -2.06828 1.98546
627.037 -2.10011 1.98574
627.077 -2.13209 1.98601
627.117 -2.16422 1.98631
627.157 -2.1965 1.9866
627.197 -2.22895 1.98689
627.237 -2.26155 1.9872
627.277 -2.29432 1.98751
627.317 -2.32724 1.98783
627.357 -2.36032 1.98816
627.397 -2.39357 1.98848
627.437 -2.42699 1.98883
627.477 -2.46057 1.98917
627.517 -2.49432 1.98953
627.557 -2.52824 1.98989
627.597 -2.56233 1.99027
627.637 -2.59658 1.99065
627.677 -2.63102 1.99103
627.717 -2.66563 1.99142
627.757 -2.70042 1.99182
627.797 -2.73538 1.99223
627.837 -2.77053 1.99264
627.877 -2.80585 1.99308
627.917 -2.84136 1.99351
627.957 -2.87706 1.99393
627.997 -2.91294 1.9944
628.037 -2.949 1.99485
628.077 -2.98527 1.99532
628.117 -3.02172 1.9958
628.157 -3.05837 1.99629
628.197 -3.0952 1.99679
628.237 -3.13223 1.99729
628.277 -3.16946 1.99781
628.317 -3.20689 1.99833
628.357 -3.24453 1.99885
628.397 -3.28237 1.99941
628.437 -3.32041 1.99997
628.477 -3.35866 2.00053
628.517 -3.39713 2.0011
628.557 -3.4358 2.0017
628.597 -3.47468 2.00229
628.637 -3.51378 2.00291
628.677 -3.5531 2.00352
628.717 -3.59263 2.00415
628.757 -3.6324 2.00478
628.797 -3.67238 2.00545
628.837 -3.71259 2.0061
628.877 -3.75303 2.00679
628.917 -3.7937 2.00748
628.957 -3.8346 2.00819
628.997 -3.87573 2.00889
629.037 -3.91711 2.00962
629.077 -3.95871 2.01036
629.117 -4.00057 2.01111
629.157 -4.04267 2.01187
629.197 -4.08502 2.01266
629.237 -4.12761 2.01346
629.277 -4.17045 2.01426
629.317 -4.21355 2.01508
629.357 -4.2569 2.01593
629.397 -4.30052 2.01677
629.437 -4.34439 2.01765
629.477 -4.38852 2.01853
629.517 -4.43294 2.0194
629.557 -4.47762 2.02032
629.597 -4.52257 2.02126
629.637 -4.56779 2.0222
629.677 -4.61329 2.02316
629.717 -4.65908 2.02414
629.757 -4.70514 2.02513
629.797 -4.7515 2.02613
629.837 -4.79815 2.02717
629.877 -4.84509 2.0282
629.917 -4.89232 2.02928
629.957 -4.93985 2.03036
629.997 -4.98769 2.03145
630.037 -5.03584 2.03257
630.077 -5.0843 2.0337
630.117 -5.13308 2.03486
630.157 -5.17739 2.03605
630.197 -5.22682 2.03725
630.237 -5.27658 2.03846
630.277 -5.32666 2.0397
630.317 -5.37708 2.04096
630.357 -5.42783 2.04223
630.397 -5.47893 2.04353
630.437 -5.53036 2.04486
630.477 -5.58214 2.0462
630.517 -5.63427 2.04757
630.557 -5.68675 2.04897
630.597 -5.73958 2.05039
630.637 -5.79277 2.05182
630.677 -5.84634 2.05328
630.717 -5.90027 2.05478
630.757 -5.95459 2.05628
630.797 -6.00927 2.05784
630.837 -6.06434 2.05939
630.877 -6.1198 2.06097
630.917 -6.17566 2.06259
630.957 -6.2319 2.06426
630.997 -6.28855 2.06592
631.037 -6.34562 2.06762
631.077 -6.40309 2.06936
631.117 -6.46097 2.07112
631.157 -6.51928 2.07291
631.197 -6.57801 2.07473
631.237 -6.63718 2.07658
631.277 -6.69679 2.07847
631.317 -6.75684 2.08038
631.357 -6.81735 2.08232
631.397 -6.8783 2.08432
631.437 -6.93972 2.08633
631.477 -7.00161 2.08838
631.517 -7.06396 2.09047
631.557 -7.12679 2.09259
631.597 -7.19012 2.09475
631.637 -7.25393 2.09695
631.677 -7.29048 2.09919
631.717 -7.35525 2.10145
631.757 -7.42054 2.10375
631.797 -7.48635 2.10611
631.837 -7.55267 2.1085
631.877 -7.61954 2.11093
631.917 -7.68693 2.11342
631.957 -7.75487 2.11593
631.997 -7.82338 2.11849
632.037 -7.89244 2.1211
632.077 -7.96207 2.12376
632.117 -8.03228 2.12646
632.157 -8.10307 2.12921
632.197 -8.17446 2.13199
632.237 -8.24646 2.13484
632.277 -8.31907 2.13773
632.317 -8.3923 2.14069
632.357 -8.46615 2.14368
632.397 -8.54065 2.14674
632.437 -8.61579 2.14984
632.477 -8.69159 2.15301
632.517 -8.76806 2.15624
632.557 -8.84521 2.15951
632.597 -8.92303 2.16287
632.637 -9.00155 2.16627
632.677 -9.08079 2.16971
632.717 -9.16075 2.17323
632.757 -9.24144 2.17683
632.797 -9.32288 2.18048
632.837 -9.40505 2.18422
632.877 -9.488 2.188
632.917 -9.57172 2.19187
632.957 -9.65623 2.1958
632.997 -9.74155 2.1998
633.037 -9.82767 2.2039
633.077 -9.91463 2.20804
633.117 -10.0024 2.21227
633.157 -10.0911 2.21661
633.197 -10.1806 2.22099
633.237 -10.271 2.22548
633.277 -10.3623 2.23005
633.317 -10.4546 2.23471
633.357 -10.5477 2.23945
633.397 -10.6418 2.24431
633.437 -10.7369 2.24924
633.477 -10.8329 2.25427
633.517 -10.9299 2.2594
633.557 -11.028 2.26462
633.597 -11.127 2.26996
633.637 -11.2272 2.27539
633.677 -11.3283 2.28096
633.717 -11.4306 2.2866
633.757 -11.534 2.29238
633.797 -11.6385 2.29827
633.837 -11.7442 2.30428
633.877 -11.851 2.31042
633.917 -11.959 2.31667
633.957 -12.0683 2.32308
633.997 -12.1787 2.32959
634.037 -12.2905 2.33625
634.077 -12.4035 2.34306
634.117 -12.5178 2.35001
634.157 -12.6335 2.3571
634.197 -12.7505 2.36435
634.237 -12.8689 2.37174
634.277 -12.9888 2.37929
634.317 -13.11 2.38701
634.357 -13.2328 2.39491
634.397 -13.3571 2.40298
634.437 -13.4829 2.41122
634.477 -13.6102 2.41966
634.517 -13.7392 2.42827
634.557 -13.8698 2.43708
634.597 -14.0021 2.4461
634.637 -14.1361 2.45532
634.677 -14.2718 2.46473
634.717 -14.4093 2.47438
634.757 -14.5487 2.48426
634.797 -14.6899 2.49436
634.837 -14.833 2.50471
634.877 -14.9781 2.5153
634.917 -15.1282 2.52615
634.957 -15.2773 2.53726
634.997 -15.4285 2.54865
635.037 -15.5819 2.56031
635.077 -15.7374 2.57226
635.117 -15.8952 2.58451
635.157 -16.0553 2.59707
635.197 -16.2178 2.60995
635.237 -16.3826 2.62315
635.277 -16.55 2.6367
635.317 -16.7205 2.65059
635.357 -16.893 2.66486
635.397 -17.0682 2.6795
635.437 -17.2461 2.69453
635.477 -17.4269 2.70998
635.517 -17.6105 2.72584
635.557 -17.7972 2.74213
635.597 -17.9869 2.75887
635.637 -18.1797 2.7761
635.677 -18.3758 2.7938
635.717 -18.5751 2.81201
635.757 -18.778 2.83075
635.797 -18.9843 2.85004
635.837 -19.1943 2.8699
635.877 -19.408 2.89034
635.917 -19.6255 2.91142
635.957 -19.847 2.93313
635.997 -20.0727 2.9555
636.037 -20.3025 2.97859
636.077 -20.5367 3.0024
636.117 -20.7754 3.02697
636.157 -21.0188 3.05234
636.197 -21.2669 3.07855
636.237 -21.5201 3.10562
636.277 -21.7783 3.13361
636.317 -22.0419 3.16253
636.357 -22.3111 3.19247
636.397 -22.5859 3.22347
636.437 -22.8667 3.25557
636.477 -23.1536 3.28883
636.517 -23.4469 3.32329
636.557 -23.7468 3.35904
636.597 -24.0536 3.39615
636.637 -24.3676 3.43471
636.677 -24.6891 3.47475
636.717 -25.0183 3.51639
636.757 -25.3557 3.55972
636.797 -25.7015 3.60481
636.837 -26.0562 3.65182
636.877 -26.4201 3.70084
636.917 -26.7937 3.75198
636.957 -27.1774 3.80542
636.997 -27.5718 3.86127
637.037 -27.9773 3.91973
637.077 -28.3946 3.98096
637.117 -28.8242 4.0452
637.157 -29.2668 4.11262
637.197 -29.7232 4.18349
637.237 -30.1942 4.25809
637.277 -30.6806 4.33674
637.317 -31.1833 4.41975
637.357 -31.7034 4.50754
637.397 -32.2421 4.60054
637.437 -32.8006 4.69925
637.477 -33.3804 4.80428
637.517 -33.9829 4.91628
637.557 -34.6101 5.03605
637.597 -35.2639 5.16452
637.637 -35.9467 5.30286
637.677 -36.661 5.45239
637.717 -37.4099 5.61484
637.757 -38.197 5.79238
637.797 -39.0264 5.98777
637.837 -39.9029 6.2048
637.877 -40.832 6.44845
637.917 -41.8199 6.7257
637.957 -42.8732 7.04623
637.997 -43.9979 7.42331
638.037 -45.1983 7.8747
638.077 -46.4747 8.42337
638.117 -47.8209 9.09717
638.157 -49.22 9.92742
638.197 -50.6416 10.9452
638.237 -52.0394 12.1749
638.277 -53.3522 13.6257
638.317 -54.5103 15.2801
638.357 -55.4501 17.0865
638.397 -56.135 18.9573
638.437 -56.5767 20.7829
638.477 -56.8485 22.4598
638.517 -57.0782 23.9304
638.557 -57.4169 25.2175
638.597 -57.989 26.4386
638.637 -58.8391 27.788
638.677 -59.8967 29.4881
638.717 -60.9705 31.7241
638.757 -61.7772 34.5829
638.797 -61.9915 38.0138
638.837 -61.2889 41.8193
638.877 -59.3517 45.6334
638.917 -56.1301 48.7015
638.957 -52.4727 50.0589
638.997 -49.1043 50.1625
639.037 -46.2839 49.3082
639.077 -44.2235 47.6877
639.117 -43.093 45.5791
639.157 -42.9539 43.3033
639.197 -43.7558 41.163
639.237 -45.3654 39.3974
639.277 -47.6085 38.1621
639.317 -50.3103 37.5322
639.357 -53.3254 37.5217
639.397 -56.5518 38.1136
639.437 -59.9301 39.2877
639.477 -63.4304 41.0438
639.517 -67.0335 43.4139
639.557 -70.7104 46.4642
639.597 -74.4049 50.2895
639.637 -78.021 55.0025
639.677 -81.4125 60.7229
639.717 -84.3688 67.567
639.757 -86.5953 75.6257
639.797 -87.707 84.915
639.837 -87.2605 95.3132
639.877 -84.814 106.525
639.917 -79.9941 118.078
639.957 -72.5674 129.329
639.997 -62.5172 139.507
640.037 -50.107 147.795
640.077 -35.9028 153.448
640.117 -20.7322 155.935
640.157 -5.57872 155.046
640.197 8.57023 150.952
640.237 20.8803 144.173
640.277 30.7918 135.478
640.317 38.0766 125.743
640.357 42.822 115.801
640.397 45.3584 106.329
640.437 46.1567 97.7842
640.477 45.7258 90.3985
640.517 44.5308 84.2109
640.557 42.9429 79.1252
640.597 41.2206 74.9712
640.637 39.5161 71.5578
640.677 37.8963 68.711
640.717 36.37 66.2961
640.757 34.9156 64.2255
640.797 33.5048 62.4573
640.837 32.1207 60.9859
640.877 30.7716 59.8287
640.917 29.496 59.0084
640.957 28.3615 58.5343
640.997 27.4531 58.3857
641.037 26.8551 58.5013
641.077 26.6288 58.7796
641.117 26.7929 59.0918
641.157 27.3121 59.3043
641.197 28.1004 59.3071
641.237 29.0376 59.0378
641.277 29.9971 58.4949
641.317 30.8756 57.7339
641.357 31.6164 56.8489
641.397 32.2192 55.9436
641.437 32.7347 55.1016
641.477 33.2455 54.3633
641.517 33.8387 53.7161
641.557 34.5807 53.0995
641.597 35.497 52.4228
641.637 36.5658 51.5894
641.677 37.7234 50.5207
641.717 38.8799 49.1734
641.757 39.9386 47.546
641.797 40.815 45.6743
641.837 41.4479 43.62
641.877 41.8039 41.4562
641.917 41.8751 39.2555
641.957 41.6726 37.0822
641.997 41.2205 34.989
642.037 40.5503 33.0167
642.077 39.6974 31.1957
642.117 38.6994 29.5468
642.157 37.5941 28.082
642.197 36.4184 26.8052
642.237 35.2063 25.7128
642.277 33.9882 24.7948
642.317 32.7893 24.0361
642.357 31.629 23.4183
642.397 30.521 22.921
642.437 29.473 22.5241
642.477 28.4881 22.2084
642.517 27.5651 21.9575
642.557 26.7005 21.758
642.597 25.889 21.5993
642.637 25.1248 21.4741
642.677 24.4025 21.3779
642.717 23.7176 21.3078
642.757 23.0669 21.2622
642.797 22.4486 21.2399
642.837 21.861 21.2392
642.877 21.3027 21.2583
642.917 20.7715 21.2951
642.957 20.2648 21.3483
642.997 19.7791 21.4177
643.037 19.3113 21.5049
643.077 18.8593 21.6137
643.117 18.4229 21.7493
643.157 18.0049 21.9179
643.197 17.6114 22.1255
643.237 17.2518 22.3763
643.277 16.9382 22.6717
643.317 16.6844 23.0086
643.357 16.5044 23.3789
643.397 16.4104 23.7691
643.437 16.4107 24.1605
643.477 16.5074 24.5309
643.517 16.6957 24.8567
643.557 16.963 25.116
643.597 17.2905 25.291
643.637 17.6547 25.3707
643.677 18.0309 25.3518
643.717 18.395 25.2384
643.757 18.7265 25.0412
643.797 19.0093 24.7758
643.837 19.2337 24.4605
643.877 19.3955 24.1151
643.917 19.4968 23.7579
643.957 19.5443 23.4047
643.997 19.5479 23.0673
644.037 19.5196 22.7532
644.077 19.4713 22.4654
644.117 19.4146 22.2033
644.157 19.3589 21.9625
644.197 19.3112 21.7364
644.237 19.275 21.5166
644.277 19.2508 21.2945
644.317 19.2357 21.0624
644.357 19.2245 20.8145
644.397 19.2109 20.5475
644.437 19.1879 20.2604
644.477 19.1491 19.9548
644.517 19.0892 19.6338
644.557 19.0039 19.3018
644.597 18.8905 18.9641
644.637 18.7476 18.6262
644.677 18.5754 18.2938
644.717 18.3751 17.972
644.757 18.149 17.6655
644.797 17.9001 17.378
644.837 17.6318 17.1126
644.877 17.3477 16.8714
644.917 17.0514 16.656
644.957 16.7467 16.4676
644.997 16.4372 16.307
645.037 16.1271 16.1741
645.077 15.8203 16.0687
645.117 15.5207 15.9893
645.157 15.2317 15.9343
645.197 14.9538 15.901
645.237 14.6953 15.8864
645.277 14.4554 15.8872
645.317 14.2354 15.8994
645.357 14.0358 15.9194
645.397 13.8562 15.9432
645.437 13.6954 15.9671
645.477 13.5517 15.9883
645.517 13.4228 16.0045
645.557 13.3062 16.0142
645.597 13.1994 16.0168
645.637 13.1019 16.0119
645.677 13.0117 15.999
645.717 12.9276 15.9776
645.757 12.8482 15.9471
645.797 12.7718 15.9067
645.837 12.6964 15.8561
645.877 12.6197 15.7953
645.917 12.5395 15.7252
645.957 12.4542 15.6468
645.997 12.3621 15.5616
646.037 12.2623 15.4713
646.077 12.1538 15.3775
646.117 12.0363 15.2822
646.157 11.9098 15.1872
646.197 11.7744 15.0944
646.237 11.6313 15.0056
646.277 11.4816 14.9221
646.317 11.327 14.8447
646.357 11.1689 14.7736
646.397 11.0086 14.7084
646.437 10.8469 14.6485
646.477 10.684 14.5932
646.517 10.5201 14.542
646.557 10.3548 14.4946
646.597 10.188 14.4511
646.637 10.0195 14.4117
646.677 9.84931 14.3768
646.717 9.67746 14.3467
646.757 9.50419 14.3221
646.797 9.32991 14.3035
646.837 9.15528 14.2915
646.877 8.98128 14.2867
646.917 8.80922 14.2893
646.957 8.64056 14.2992
646.997 8.47679 14.3156
647.037 8.31915 14.3373
647.077 8.16836 14.3627
647.117 8.0245 14.3897
647.157 7.88715 14.417
647.197 7.75549 14.443
647.237 7.6286 14.467
647.277 7.50566 14.4884
647.317 7.38596 14.5067
647.357 7.26875 14.5213
647.397 7.15308 14.5314
647.437 7.03761 14.5365
647.477 6.92075 14.5364
647.517 6.80074 14.5313
647.557 6.67605 14.5222
647.597 6.54564 14.5106
647.637 6.40906 14.4979
647.677 6.26634 14.4855
647.717 6.11771 14.4743
647.757 5.96333 14.4649
647.797 5.80314 14.4577
647.837 5.63687 14.4536
647.877 5.46432 14.4535
647.917 5.28562 14.4588
647.957 5.10148 14.4711
647.997 4.91322 14.4918
648.037 4.72258 14.5216
648.077 4.53137 14.5606
648.117 4.3412 14.6083
648.157 4.15321 14.6639
648.197 3.96811 14.7263
648.237 3.78634 14.7949
648.277 3.60844 14.8692
648.317 3.43517 14.9486
648.357 3.26752 15.0324
648.397 3.10647 15.1192
648.437 2.95261 15.207
648.477 2.80588 15.2934
648.517 2.66529 15.3758
648.557 2.52906 15.4521
648.597 2.3949 15.5208
648.637 2.26034 15.5809
648.677 2.12302 15.6323
648.717 1.98061 15.6747
648.757 1.83065 15.7082
648.797 1.6703 15.733
648.837 1.49627 15.7498
648.877 1.30507 15.7604
648.917 1.09346 15.7677
648.957 0.859145 15.7759
648.997 0.601193 15.7897
649.037 0.320162 15.814
649.077 0.0178141 15.8524
649.117 -0.303573 15.9076
649.157 -0.641965 15.981
649.197 -0.996183 16.0729
649.237 -1.36624 16.1835
649.277 -1.75318 16.3137
649.317 -2.1587 16.4654
649.357 -2.58446 16.6421
649.397 -3.03133 16.8487
649.437 -3.49903 17.0908
649.477 -3.98593 17.3749
649.517 -4.4891 17.7071
649.557 -5.00473 18.0934
649.597 -5.52835 18.5396
649.637 -6.05494 19.0519
649.677 -6.57839 19.6374
649.717 -7.09045 20.3045
649.757 -7.5792 21.0629
649.797 -8.02747 21.9216
649.837 -8.41194 22.887
649.877 -8.70372 23.9591
649.917 -8.87088 25.1282
649.957 -8.88283 26.3732
649.997 -8.71518 27.6612
650.037 -8.35409 28.9516
650.077 -7.79816 30.1998
650.117 -7.05772 31.3632
650.157 -6.15225 32.4037
650.197 -5.10791 33.2883
650.237 -3.95677 33.9888
650.277 -2.73789 34.4813
650.317 -1.49882 34.7488
650.357 -0.294906 34.7864
650.397 0.815421 34.6067
650.437 1.77888 34.2432
650.477 2.55651 33.7472
650.517 3.13027 33.1804
650.557 3.50411 32.604
650.597 3.69954 32.0699
650.637 3.74786 31.615
650.677 3.68262 31.2628
650.717 3.53557 31.0275
650.757 3.33679 30.9192
650.797 3.11811 30.9458
650.837 2.91664 31.1119
650.877 2.77553 31.4122
650.917 2.73972 31.8254
650.957 2.84732 32.3103
650.997 3.11872 32.8076
651.037 3.54727 33.2481
651.077 4.09549 33.5668
651.117 4.69904 33.7192
651.157 5.27869 33.6944
651.197 5.76039 33.5227
651.237 6.09907 33.2702
651.277 6.29063 33.0132
651.317 6.36431 32.8119
651.357 6.36473 32.6985
651.397 6.33559 32.6793
651.437 6.30985 32.743
651.477 6.30675 32.8709
651.517 6.33408 33.0453
651.557 6.39332 33.254
651.597 6.48487 33.4904
651.637 6.61109 33.7505
651.677 6.7765 34.0299
651.717 6.98564 34.3206
651.757 7.24025 34.6119
651.797 7.53736 34.892
651.837 7.86935 35.151
651.877 8.22594 35.3841
651.917 8.59701 35.5917
651.957 8.97518 35.7785
651.997 9.35714 35.9516
652.037 9.74339 36.1173
652.077 10.1371 36.2806
652.117 10.5428 36.4436
652.157 10.9647 36.6067
652.197 11.4071 36.7687
652.237 11.8738 36.9278
652.277 12.3688 37.0814
652.317 12.8959 37.2254
652.357 13.4582 37.3541
652.397 14.0574 37.4604
652.437 14.6931 37.5361
652.477 15.3624 37.5731
652.517 16.0604 37.5646
652.557 16.7813 37.5054
652.597 17.5191 37.3923
652.637 18.2682 37.2229
652.677 19.0243 36.9956
652.717 19.7831 36.7077
652.757 20.54 36.3552
652.797 21.2883 35.9334
652.837 22.0187 35.4373
652.877 22.7187 34.8632
652.917 23.3732 34.2111
652.957 23.9659 33.4854
652.997 24.4817 32.6956
653.037 24.9081 31.856
653.077 25.2369 30.9844
653.117 25.4654 30.0999
653.157 25.5958 29.2214
653.197 25.6349 28.366
653.237 25.5928 27.5471
653.277 25.4814 26.7751
653.317 25.3133 26.0561
653.357 25.1008 25.3934
653.397 24.855 24.7873
653.437 24.5858 24.2365
653.477 24.3013 23.7382
653.517 24.0084 23.2889
653.557 23.7126 22.8847
653.597 23.4183 22.5215
653.637 23.1289 22.195
653.677 22.8468 21.9012
653.717 22.5737 21.6359
653.757 22.3106 21.3955
653.797 22.0578 21.1766
653.837 21.8151 20.9765
653.877 21.5823 20.7928
653.917 21.3588 20.6236
653.957 21.144 20.4675
653.997 20.9377 20.3234
654.037 20.7396 20.1902
654.077 20.5495 20.0671
654.117 20.3674 19.9531
654.157 20.1996 19.8475
654.197 20.033 19.7492
654.237 19.8739 19.6574
654.277 19.722 19.5714
654.317 19.5771 19.4903
654.357 19.4387 19.4138
654.397 19.3068 19.341
654.437 19.1809 19.2716
654.477 19.0608 19.2051
654.517 18.9464 19.1407
654.557 18.837 19.0781
654.597 18.7324 19.0166
654.637 18.6319 18.9558
654.677 18.535 18.8956
654.717 18.4411 18.8357
654.757 18.3496 18.7763
654.797 18.2603 18.7173
654.837 18.1726 18.6589
654.877 18.0865 18.6012
654.917 18.0018 18.5444
654.957 17.9184 18.4884
654.997 17.8359 18.4332
655.037 17.7543 18.379
655.077 17.6733 18.3258
655.117 17.5927 18.2738
655.157 17.5126 18.2234
655.197 17.4328 18.1747
655.237 17.3535 18.1281
655.277 17.275 18.0836
655.317 17.1975 18.0414
655.357 17.1214 18.0013
655.397 17.0468 17.9632
655.437 16.9739 17.9268
655.477 16.9027 17.8917
655.517 16.8329 17.8578
655.557 16.7646 17.8249
655.597 16.6974 17.7929
655.637 16.6284 17.7619
655.677 16.5632 17.7318
655.717 16.4989 17.7028
655.757 16.4354 17.6749
655.797 16.3728 17.6482
655.837 16.3112 17.6226
655.877 16.2505 17.5983
655.917 16.1908 17.575
655.957 16.1321 17.5528
655.997 16.0737 17.5317
656.037 16.0169 17.5117
656.077 15.961 17.4927
656.117 15.9062 17.4749
656.157 15.8525 17.4583
656.197 15.7999 17.4428
656.237 15.7486 17.4283
656.277 15.6987 17.4148
656.317 15.6502 17.4021
656.357 15.6032 17.39
656.397 15.5576 17.3784
656.437 15.5133 17.3671
656.477 15.4701 17.3561
656.517 15.428 17.3452
656.557 15.3868 17.3345
656.597 15.3465 17.3239
656.637 15.3068 17.3137
656.677 15.2679 17.3038
656.717 15.2298 17.2942
656.757 15.1924 17.2851
656.797 15.1558 17.2764
656.837 15.1202 17.2681
656.877 15.0854 17.26
656.917 15.0515 17.2521
656.957 15.0185 17.2443
656.997 14.9862 17.2366
657.037 14.9547 17.229
657.077 14.9237 17.2213
657.117 14.8934 17.2137
657.157 14.8635 17.2062
657.197 14.8341 17.1987
657.237 14.8052 17.1913
657.277 14.7767 17.184
657.317 14.7485 17.1768
657.357 14.7207 17.1698
657.397 14.6932 17.1631
657.437 14.6661 17.1566
657.477 14.6392 17.1504
657.517 14.6127 17.1446
657.557 14.5867 17.1393
657.597 14.5612 17.1344
657.637 14.5364 17.1299
657.677 14.5122 17.1258
657.717 14.4888 17.1219
657.757 14.4661 17.1182
657.797 14.4441 17.1146
657.837 14.4227 17.111
657.877 14.4018 17.1073
657.917 14.3815 17.1037
657.957 14.3616 17.1001
657.997 14.3422 17.0966
658.037 14.3233 17.0932
658.077 14.3049 17.0899
658.117 14.2872 17.0867
658.157 14.2702 17.0834
658.197 14.2537 17.08
658.237 14.2379 17.0763
658.277 14.2225 17.0723
658.317 14.2076 17.0679
658.357 14.1928 17.0631
658.397 14.1782 17.058
658.437 14.1635 17.0526
658.477 14.1488 17.047
658.517 14.1341 17.0414
658.557 14.1194 17.0358
658.597 14.1047 17.0302
658.637 14.09 17.0247
658.677 14.0754 17.0193
658.717 14.0608 17.014
658.757 14.0462 17.0087
658.797 14.0316 17.0036
658.837 14.017 16.9988
658.877 14.0023 16.9943
658.917 13.9878 16.9902
658.957 13.9734 16.9865
658.997 13.9592 16.9833
659.037 13.9454 16.9806
659.077 13.932 16.9784
659.117 13.9193 16.9765
659.157 13.9071 16.975
659.197 13.8957 16.9737
659.237 13.8849 16.9726
659.277 13.875 16.9715
659.317 13.8657 16.9703
659.357 13.9354 16.9691
659.397 13.928 16.9675
659.437 13.9215 16.9656
659.477 13.9156 16.963
659.517 13.9102 16.9598
659.557 13.9051 16.9558
659.597 13.9001 16.9509
659.637 13.8951 16.9453
659.677 13.8899 16.939
659.717 13.8841 16.9321
659.757 13.8779 16.9248
659.797 13.8712 16.9174
659.837 13.8639 16.9099
659.877 13.8563 16.9027
659.917 13.8483 16.8957
659.957 13.8402 16.8889
659.997 13.832 16.8825
660.037 13.8238 16.8762
660.077 13.8157 16.8702
660.117 13.8076 16.8644
660.157 13.7996 16.8587
660.197 13.7917 16.8531
660.237 13.7838 16.8476
660.277 13.7761 16.8423
660.317 13.7684 16.837
660.357 13.7608 16.8319
660.397 13.7534 16.8268
660.437 13.746 16.8218
660.477 13.7388 16.8168
660.517 13.7316 16.8118
660.557 13.7245 16.8068
660.597 13.7174 16.8017
660.637 13.7101 16.7967
660.677 13.7028 16.7918
660.717 13.6954 16.7869
660.757 13.6878 16.7824
660.797 13.6802 16.7781
660.837 13.6727 16.7742
660.877 13.6652 16.7707
660.917 13.658 16.7676
660.957 13.651 16.7647
660.997 13.6444 16.7622
661.037 13.6382 16.7599
661.077 13.6324 16.7577
661.117 13.627 16.7556
661.157 13.622 16.7536
661.197 13.6173 16.7515
661.237 13.6131 16.7494
661.277 13.6092 16.7471
661.317 13.6057 16.7448
661.357 13.6024 16.7421
661.397 13.5993 16.7393
661.437 13.5964 16.7361
661.477 13.5935 16.7328
661.517 13.5906 16.7292
661.557 13.5876 16.7255
661.597 13.5846 16.7218
661.637 13.5815 16.7182
661.677 13.5785 16.7147
661.717 13.5756 16.7114
661.757 13.5729 16.7083
661.797 13.5705 16.7052
661.837 13.5686 16.7022
661.877 13.567 16.699
661.917 13.5657 16.6957
661.957 13.5648 16.6921
661.997 13.5642 16.6882
662.037 13.5637 16.6839
662.077 13.5634 16.6792
662.117 13.5631 16.6741
662.157 13.5628 16.6687
662.197 13.5625 16.6629
662.237 13.5622 16.6566
662.277 13.5616 16.65
662.317 13.5608 16.643
662.357 13.5597 16.6357
662.397 13.5582 16.6281
662.437 13.5562 16.6203
662.477 13.5537 16.6124
662.517 13.5508 16.6046
662.557 13.5474 16.597
662.597 13.5437 16.5896
662.637 13.5397 16.5825
662.677 13.5354 16.5757
662.717 13.531 16.5692
662.757 13.5266 16.5631
662.797 13.5221 16.5572
662.837 13.5176 16.5516
662.877 13.5132 16.5463
662.917 13.5087 16.5411
662.957 13.5044 16.5362
662.997 13.5001 16.5315
663.037 13.4958 16.527
663.077 13.4917 16.5227
663.117 13.4877 16.5186
663.157 13.4838 16.5147
663.197 13.4801 16.511
663.237 13.4766 16.5073
663.277 13.4733 16.5037
663.317 13.4701 16.5002
663.357 13.4671 16.4967
663.397 13.4643 16.4932
663.437 13.4615 16.4897
663.477 13.4589 16.4862
663.517 13.4564 16.4828
663.557 13.4541 16.4793
663.597 13.4518 16.4758
663.637 13.4496 16.4723
663.677 13.4475 16.4688
663.717 13.4456 16.4653
663.757 13.4437 16.4617
663.797 13.4418 16.4581
663.837 13.4401 16.4545
663.877 13.4383 16.4508
663.917 13.4367 16.4471
663.957 13.4351 16.4433
663.997 13.4335 16.4395
664.037 13.432 16.4357
664.077 13.4305 16.4319
664.117 13.429 16.4279
664.157 13.4275 16.424
664.197 13.426 16.42
664.237 13.4245 16.4159
664.277 13.4229 16.4119
664.317 13.4213 16.4079
664.357 13.4197 16.4039
664.397 13.418 16.3999
664.437 13.4164 16.3961
664.477 13.4148 16.3922
664.517 13.4132 16.3884
664.557 13.4116 16.3847
664.597 13.4101 16.3809
664.637 13.4087 16.3772
664.677 13.4073 16.3735
664.717 13.4059 16.3699
664.757 13.4045 16.3662
664.797 13.4032 16.3625
664.837 13.4019 16.3589
664.877 13.4006 16.3552
664.917 13.3994 16.3515
664.957 13.3981 16.3479
664.997 13.3969 16.3442
665.037 13.3957 16.3406
665.077 13.3945 16.337
665.117 13.3933 16.3333
665.157 13.3921 16.3298
665.197 13.3909 16.3262
665.237 13.3898 16.3226
665.277 13.3886 16.3191
665.317 13.3875 16.3157
665.357 13.3864 16.3122
665.397 13.3853 16.3088
665.437 13.3842 16.3054
665.477 13.3832 16.3021
665.517 13.3822 16.2987
665.557 13.3813 16.2954
665.597 13.3804 16.2922
665.637 13.3795 16.2889
665.677 13.3786 16.2856
665.717 13.3778 16.2824
665.757 13.377 16.2792
665.797 13.3763 16.276
665.837 13.3756 16.2728
665.877 13.3749 16.2696
665.917 13.3742 16.2665
665.957 13.3736 16.2633
665.997 13.3731 16.2602
666.037 13.3725 16.257
666.077 13.372 16.2539
666.117 13.3715 16.2508
666.157 13.371 16.2477
666.197 13.3706 16.2446
666.237 13.3674 16.2415
666.277 13.367 16.2384
666.317 13.3667 16.2353
666.357 13.3663 16.2322
666.397 13.366 16.2291
666.437 13.3658 16.2261
666.477 13.3655 16.223
666.517 13.3653 16.2199
666.557 13.3651 16.2169
666.597 13.365 16.2138
666.637 13.3642 16.2108
666.677 13.3641 16.2077
666.717 13.364 16.2047
666.757 13.3639 16.2016
666.797 13.3639 16.1986
666.837 13.3639 16.1956
666.877 13.3639 16.1926
666.917 13.3639 16.1895
666.957 13.364 16.1865
666.997 13.3641 16.1835
667.037 13.3642 16.1805
667.077 13.3643 16.1774
667.117 13.3645 16.1744
667.157 13.3647 16.1714
667.197 13.3649 16.1683
667.237 13.3651 16.1653
667.277 13.3654 16.1622
667.317 13.3656 16.1591
667.357 13.3659 16.156
667.397 13.3662 16.1529
667.437 13.3665 16.1499
667.477 13.3668 16.1468
667.517 13.3671 16.1437
667.557 13.3674 16.1406
667.597 13.3677 16.1375
667.637 13.368 16.1344
667.677 13.3684 16.1313
667.717 13.3687 16.1282
667.757 13.3691 16.1251
667.797 13.3695 16.1221
667.837 13.3699 16.119
667.877 13.3703 16.1159
667.917 13.3707 16.1128
667.957 13.3711 16.1097
667.997 13.3715 16.1067
668.037 13.372 16.1036
668.077 13.3725 16.1006
668.117 13.3729 16.0975
668.157 13.3734 16.0944
668.197 13.3739 16.0914
668.237 13.3744 16.0883
668.277 13.3749 16.0852
668.317 13.3754 16.0822
668.357 13.3759 16.0791
668.397 13.3765 16.0761
668.437 13.377 16.073
668.477 13.3776 16.0699
668.517 13.3781 16.0669
668.557 13.3787 16.0638
668.597 13.3793 16.0608
668.637 13.3799 16.0577
668.677 13.3805 16.0547
668.717 13.3811 16.0516
668.757 13.3817 16.0486
668.797 13.3823 16.0455
668.837 13.3829 16.0425
668.877 13.3835 16.0395
668.917 13.3841 16.0364
668.957 13.3847 16.0334
668.997 13.3854 16.0303
669.037 13.386 16.0273
669.077 13.3866 16.0243
669.117 13.3873 16.0213
669.157 13.3879 16.0183
669.197 13.3886 16.0153
669.237 13.3893 16.0123
669.277 13.3899 16.0093
669.317 13.3906 16.0063
669.357 13.3913 16.0033
669.397 13.392 16.0003
669.437 13.3927 15.9974
669.477 13.3934 15.9944
669.517 13.3941 15.9914
669.557 13.3948 15.9884
669.597 13.3955 15.9855
669.637 13.3962 15.9825
669.677 13.3969 15.9795
669.717 13.3976 15.9765
669.757 13.3983 15.9736
669.797 13.399 15.9706
669.837 13.3997 15.9677
669.877 13.4004 15.9647
669.917 13.4011 15.9618
669.957 13.4017 15.9589
669.997 13.4024 15.9561
670.037 13.4031 15.9532
670.077 13.4038 15.9503
670.117 13.4045 15.9475
670.157 13.4052 15.9447
670.197 13.4058 15.9419
670.237 13.4065 15.9391
670.277 13.4072 15.9364
670.317 13.4079 15.9336
670.357 13.4086 15.9309
670.397 13.4093 15.9282
670.437 13.41 15.9256
670.477 13.4107 15.923
670.517 13.4115 15.9205
670.557 13.4123 15.9179
670.597 13.4131 15.9154
670.637 13.4139 15.9129
670.677 13.4148 15.9105
670.717 13.4157 15.908
670.757 13.4167 15.9056
670.797 13.4177 15.9031
670.837 13.4187 15.9007
670.877 13.4198 15.8983
670.917 13.4208 15.8959
670.957 13.4219 15.8935
670.997 13.4231 15.8911
671.037 13.4243 15.8887
671.077 13.4255 15.8863
671.117 13.4267 15.8839
671.157 13.428 15.8815
671.197 13.4293 15.8791
671.237 13.4307 15.8767
671.277 13.432 15.8744
671.317 13.4335 15.872
671.357 13.4349 15.8697
671.397 13.4365 15.8673
671.437 13.4381 15.865
671.477 13.4397 15.8626
671.517 13.4415 15.8602
671.557 13.4432 15.8577
671.597 13.445 15.8552
671.637 13.4469 15.8526
671.677 13.4488 15.8501
671.717 13.4507 15.8475
671.757 13.4526 15.8448
671.797 13.4546 15.8421
671.837 13.4567 15.8394
671.877 13.4588 15.8366
671.917 13.4609 15.8338
671.957 13.4631 15.8309
671.997 13.4654 15.8278
672.037 13.4676 15.8247
672.077 13.4699 15.8215
672.117 13.4722 15.8182
672.157 13.4745 15.8148
672.197 13.4768 15.8113
672.237 13.4791 15.8076
672.277 13.4813 15.8037
672.317 13.4834 15.7998
672.357 13.4854 15.7956
672.397 13.4873 15.7915
672.437 13.489 15.7872
672.477 13.4906 15.7828
672.517 13.4919 15.7785
672.557 13.4932 15.7741
672.597 13.4942 15.7698
672.637 13.4951 15.7655
672.677 13.4959 15.7614
672.717 13.4966 15.7573
672.757 13.4972 15.7534
672.797 13.4977 15.7496
672.837 13.4982 15.7459
672.877 13.4987 15.7423
672.917 13.4993 15.7389
672.957 13.4999 15.7355
672.997 13.5006 15.7323
673.037 13.5013 15.729
673.077 13.5022 15.7258
673.117 13.5031 15.7226
673.157 13.5041 15.7193
673.197 13.5051 15.7159
673.237 13.5062 15.7125
673.277 13.5072 15.709
673.317 13.5082 15.7055
673.357 13.5092 15.7019
673.397 13.5101 15.6982
673.437 13.511 15.6946
673.477 13.5117 15.6908
673.517 13.5124 15.6871
673.557 13.513 15.6834
673.597 13.5136 15.6797
673.637 13.5141 15.6761
673.677 13.5145 15.6725
673.717 13.5149 15.669
673.757 13.5152 15.6655
673.797 13.5155 15.6621
673.837 13.5159 15.6588
673.877 13.5163 15.6555
673.917 13.5167 15.6523
673.957 13.5171 15.649
673.997 13.5176 15.6459
674.037 13.5181 15.6427
674.077 13.5187 15.6395
674.117 13.5193 15.6362
674.157 13.5199 15.6329
674.197 13.5206 15.6296
674.237 13.5213 15.6262
674.277 13.5219 15.6227
674.317 13.5226 15.6191
674.357 13.5231 15.6154
674.397 13.5236 15.6117
674.437 13.5241 15.6079
674.477 13.5244 15.604
674.517 13.5247 15.6001
674.557 13.5248 15.5961
674.597 13.5248 15.5922
674.637 13.5247 15.5881
674.677 13.5245 15.5841
674.717 13.5241 15.58
674.757 13.5236 15.5759
674.797 13.5229 15.5719
674.837 13.522 15.5679
674.877 13.521 15.5638
674.917 13.5198 15.5598
674.957 13.5184 15.5558
674.997 13.5167 15.5519
675.037 13.5146 15.548
675.077 13.512 15.5441
675.117 13.508 15.5403
680.341 13.6168 15.4352
691.343 14.0747 15.1512
702.522 14.732 14.8725
713.883 15.2942 14.587
725.427 15.7722 14.2976
737.158 16.0281 13.967
749.078 16.2047 13.9671
761.192 16.5478 14.2068
773.501 17.1833 14.4506
786.009 17.9706 14.3998
798.72 18.6584 14.105
811.636 19.1929 13.7795
824.761 19.6388 13.4617
838.099 20.0232 13.1513
851.652 20.3606 12.861
865.424 20.6676 12.5903
879.419 20.9568 12.3369
893.641 21.2327 12.0887
908.093 21.4943 11.8456
922.778 21.7455 11.6073
937.701 21.9835 11.3636
952.865 22.2044 11.1225
968.274 22.4103 10.8843
983.933 22.6029 10.6513
999.845 22.7845 10.4227
1016.01 22.9573 10.1985
1032.44 23.1211 9.97462
1049.14 23.2746 9.75224
1066.11 23.4166 9.5312
1083.35 23.5473 9.31505
1100.87 23.6689 9.10383
1118.67 23.7822 8.89743
1136.76 23.8882 8.69577
1155.15 23.9875 8.49864
1173.83 24.0806 8.30594
1192.81 24.168 8.11769
1212.1 24.2505 7.9337
1231.7 24.3289 7.75385
1251.62 24.4034 7.57626
1271.87 24.4733 7.40089
1292.44 24.5377 7.22735
1313.34 24.5963 7.05785
1334.58 24.6505 6.89231
1356.16 24.7006 6.73065
1378.09 24.747 6.57273
1400.38 24.7902 6.41852
1423.03 24.8305 6.26798
1446.04 24.8686 6.12099
1469.43 24.9047 5.97676
1493.19 24.9396 5.83489
1517.34 24.9714 5.69216
1541.88 24.9983 5.55236
1566.82 25.0218 5.41601
1592.16 25.0426 5.28314
1617.91 25.061 5.15347
1644.07 25.0773 5.02684
1670.66 25.0917 4.90343
1697.68 25.1048 4.7831
1725.14 25.1179 4.66575
1753.04 25.1296 4.54758
1781.39 25.1382 4.43117
1810.2 25.144 4.31685
1839.47 25.1472 4.20548
1869.22 25.1484 4.09702
1899.45 25.148 3.99146
1930.17 25.1462 3.88854
1961.39 25.1431 3.78823
1993.11 25.1385 3.69045
2025.35 25.1342 3.59707
2058.1 25.1298 3.50268
2091.39 25.1233 3.41037
2125.21 25.1154 3.32011
2159.58 25.1062 3.23221
2194.51 25.0961 3.1464
2230 25.085 3.06252
2266.07 25.0729 2.9807
2302.72 25.06 2.90088
2339.96 25.0463 2.82302
2377.81 25.0319 2.74705
2416.26 25.0167 2.673
2455.34 25.0009 2.60077
2495.05 24.9844 2.53038
2535.41 24.9673 2.46175
2576.41 24.9497 2.39486
2618.08 24.9316 2.32969
2660.42 24.9129 2.26618
2703.45 24.8938 2.20433
2747.18 24.8743 2.14406
2791.61 24.8543 2.08536
2836.76 24.8339 2.0282
2882.64 24.8131 1.97256
2929.26 24.792 1.91837
2976.63 24.7705 1.86562
3024.78 24.7487 1.81427
3073.7 24.7266 1.76427
3123.41 24.7041 1.71563
3173.93 24.6813 1.66829
3225.26 24.6582 1.62224
3277.42 24.6347 1.57744
3330.43 24.611 1.53385
3384.3 24.587 1.49147
3439.03 24.5626 1.45022
3494.65 24.5379 1.41011
3551.17 24.5129 1.3711
3608.61 24.4875 1.33316
3666.97 24.4617 1.29628
3726.28 24.4355 1.26044
3786.55 24.4089 1.22557
3847.79 24.3819 1.19169
3910.02 24.3543 1.15878
3973.26 24.3263 1.12676
4037.53 24.2977 1.09562
4102.83 24.2684 1.0654
4169.18 24.2385 1.03601
4236.61 24.2079 1.00747
4305.13 24.1764 0.979721
4374.77 24.1441 0.952745
4445.52 24.1107 0.926585
4517.42 24.0762 0.901138
4590.48 24.0405 0.876412
4664.73 24.0034 0.852412
4740.18 23.9647 0.829086
4816.84 23.9243 0.806453
4894.75 23.8819 0.784456
4973.92 23.8372 0.763123
5054.36 23.7898 0.742345
5136.11 23.7394 0.722213
5219.18 23.6855 0.702659
5303.59 23.6275 0.683674
5389.37 23.5645 0.665236
5476.54 23.4957 0.647339
5565.12 23.4197 0.629964
5655.13 23.3349 0.613093
5746.59 23.2389 0.596717
5839.54 23.1285 0.580824
5933.98 22.9989 0.565389
6029.96 22.8422 0.550414
6127.48 22.6449 0.535881
6226.59 22.3785 0.521775
6327.3 22.0244 0.508081
6429.63 21.3708 0.494788
6533.63 18.2294 0.481891
6539.05 13.5036 0.481234
6539.25 13.642 3.8759
6639.3 21.4579 3.7917
6746.69 22.302 3.70472
6855.8 22.7769 3.61897
6966.69 23.1481 3.53438
7079.37 23.4321 3.45107
7193.87 23.6632 3.36899
7310.22 23.856 3.28831
7428.46 24.0226 3.20892
7548.6 24.1681 3.13076
7670.69 24.2966 3.05404
7794.76 24.4112 2.97871
7920.83 24.5141 2.90471
8048.94 24.6069 2.83205
8179.13 24.691 2.76082
8311.41 24.7675 2.69094
8445.84 24.8372 2.62248
8582.44 24.9009 2.55531
8721.26 24.9592 2.48948
8862.31 25.0125 2.42505
9005.65 25.0615 2.36203
9151.31 25.1065 2.30031
9299.32 25.1478 2.23986
9449.73 25.1857 2.18076
9602.57 25.2204 2.12295
9757.88 25.2524 2.06653
9915.7 25.2817 2.01123
10076.05 25.3086 1.95725
10239.05 25.3332 1.90452
10404.65 25.3556 1.853
10572.95 25.3762 1.80269
10743.95 25.3949 1.75357
10917.75 25.412 1.70562
11094.35 25.4274 1.65882
11273.75 25.4414 1.61315
11456.05 25.454 1.56859
11641.35 25.4654 1.52512
11829.65 25.4755 1.48273
12020.95 25.4846 1.44138
12215.45 25.4926 1.40108
12412.95 25.4996 1.36178
12613.75 25.5057 1.32349
12817.75 25.511 1.28616
13025.15 25.5155 1.2498
13235.75 25.5193 1.21436
13449.85 25.5223 1.17985
13667.35 25.5248 1.14623
13888.45 25.5266 1.11349
14113.05 25.5279 1.08161
14341.35 25.5287 1.05057
14573.25 25.529 1.02036
14809.05 25.5288 0.990942
15048.55 25.5283 0.962313
15291.95 25.5274 0.934454
15539.25 25.5262 0.907344
15790.55 25.5246 0.880966
16045.95 25.5227 0.855305
16305.55 25.5206 0.830341
16569.25 25.5183 0.80606
16837.25 25.5157 0.782444
17109.55 25.513 0.759478
17386.25 25.51 0.737146
17667.55 25.507 0.715431
17953.25 25.5038 0.69432
18243.65 25.5005 0.673796
18538.75 25.4971 0.653846
18838.55 25.4936 0.634455
19143.25 25.4901 0.615608
19452.85 25.4865 0.597292
19767.55 25.4829 0.579493
20087.25 25.4794 0.562198
20412.15 25.4758 0.545393
20742.25 25.4723 0.529067
21077.75 25.4688 0.513206
21418.65 25.4655 0.497799
21765.15 25.4622 0.482833
22117.15 25.4591 0.468296
22474.85 25.4561 0.454179
22838.35 25.4532 0.440468
23207.75 25.4507 0.427153
23583.15 25.4483 0.414224
23964.55 25.4463 0.40167
24352.15 25.4446 0.389481
24746.05 25.4433 0.377647
25146.35 25.4426 0.366158
25553.05 25.4425 0.355006
25966.35 25.4432 0.34418
26386.25 25.4449 0.333671
26813.05 25.4478 0.323471
27246.75 25.4526 0.313572
27687.45 25.4599 0.303965
28135.25 25.4712 0.294641
28590.35 25.4891 0.285593
29052.75 25.5216 0.276814
29522.65 25.6241 0.268295
30000.15 25.6096 0.260029
