12.31 0.629953315479934 1.4590371
13.31 0.275731501968952 1.3313235
14.31 0.547233458095687 1.2073548
15.31 0.298312357330616 1.0677903
16.31 -0.189408773627425 0.9398211
17.31 -0.905345240966501 0.8140023
18.31 -1.9113325561138 0.6942159
19.31 -3.3408634421103 0.5884143
20.31 -5.51524164551509 0.5276304
21.31 -9.03073032883009 0.8525634
22.31 -16.0260698363017 2.3684409
25.31 0.215755967641776 40.82337
26.31 13.3296358737295 25.916226
27.31 11.4433251601026 17.937666
28.31 10.5455756752855 20.191089
29.31 12.8198208605204 18.563238
30.31 14.0723609211538 16.93083
31.31 14.9389256910919 15.395847
32.31 15.5540392828915 13.98603
33.31 15.9804632827583 12.66504
34.31 16.2232004623012 11.429769
35.31 16.3335723163082 10.312347
36.31 16.3300515788417 9.289176
37.31 16.3486733884327 8.374386
38.31 16.147549718641 7.520382
39.31 15.632694991215 6.725673
40.31 15.7547552433089 7.062654
41.31 15.941445805184 5.657097
42.31 15.4604286048091 5.055228
43.31 15.1015557399827 4.592847
44.31 14.7761013926311 4.174383
45.31 14.4585487307848 3.810639
46.31 14.1469600075484 3.480384
47.31 13.8354322503968 3.186855
48.31 13.5249169327673 2.9256408
49.31 13.2167386733556 2.696052
50.31 12.9117396579175 2.4925749
51.31 12.6093931079952 2.3140086
52.31 12.3127951391285 2.16015
53.31 12.0213865392099 2.0217447
54.31 11.7307137886571 1.8995718
55.31 11.4442972473343 1.7982384
56.31 11.1618906550566 1.7069997
57.31 10.882077012813 1.6316985
58.31 10.6059578302882 1.5663291
59.31 10.3305123056433 1.5110535
60.31 10.0594101784785 1.4703285
61.31 9.79229127439203 1.4327286
62.31 9.52497657624084 1.4022102
63.31 9.25773998463952 1.3779648
64.31 8.99039230525593 1.3594893
65.31 8.71893361223488 1.343601
66.31 8.44740926351185 1.3415967
67.31 8.17632740540208 1.3377147
68.31 7.90113761523764 1.3400541
69.31 7.6232121725004 1.3458555
70.31 7.34128667838757 1.3551801
71.31 7.05479798132278 1.3679511
72.31 6.76323153839938 1.3836534
73.31 6.46408178213815 1.4007138
74.31 6.15544116404762 1.4230851
75.31 5.84364652540914 1.4557053
76.31 5.52689675708548 1.4830677
77.31 5.19880146962237 1.5129216
78.31 4.86002705827779 1.5451734
79.31 4.5099780593026 1.5797613
80.31 4.14645577660031 1.6152879
81.31 3.76829299771565 1.6546518
82.31 3.37380753125508 1.6958073
83.31 2.96472729902131 1.7440836
84.31 2.53685745135831 1.7876265
85.31 2.08505394475559 1.8376251
86.31 1.60776012206845 1.8910611
87.31 1.1107407032137 1.9603824
88.31 0.59122945131569 2.0227911
89.31 0.0394271592527503 2.0912139
90.31 -0.545702859950557 2.1633297
91.31 -1.16734234834692 2.2417164
92.31 -1.832286788672 2.3220252
93.31 -2.54603751566574 2.4136023
94.31 -3.31191044872604 2.5138485
95.31 -4.13750398560212 2.6251227
96.31 -5.0059030015908 2.7489783
97.31 -5.97421852324881 2.8895022
98.31 -7.0323295511486 3.053238
99.31 -8.28890151293361 3.254841
100.31 -9.60557815334677 3.532578
101.31 -10.3706871865825 4.260369
102.31 -12.1151099436183 2.7607587
103.31 -14.7927973421115 3.629724
104.31 -17.1602912354488 4.12275
105.31 -19.8230173330798 4.976658
106.31 -23.1191976460577 5.645553
107.31 -27.1331609233598 7.303101
108.31 -32.1442434158579 9.854511
111.31 -42.9481458833974 27.323472
112.31 -45.2657949499375 37.25865
113.31 -43.9982570828959 48.0594
114.31 -39.6179657146827 58.04577
115.31 -32.5821493994851 66.55869
116.31 -24.0314484639528 72.01983
117.31 -15.379588411944 75.0075
119.31 -0.576600646848961 76.51539
120.31 6.09248468984548 75.34758
121.31 11.6737153998434 73.73154
122.31 16.3720266141456 71.763
123.31 20.6643850124206 70.04406
124.31 24.5257688347459 67.85451
125.31 27.8678966492781 65.63316
126.31 30.8147592961721 63.35226
127.31 33.2793728565504 61.09683
128.31 35.6368244007117 58.86948
129.31 37.8449547366072 56.65575
130.31 39.7572998668295 54.5295
131.31 41.5119484954918 52.31724
132.31 43.0701824589625 50.11749
133.31 44.4183317942744 47.87706
134.31 45.5720394420049 45.72297
135.31 46.5856389135729 43.6017
136.31 47.4588590708821 41.51817
137.31 48.2033838694756 39.47628
138.31 48.8502319819896 37.4787
139.31 49.334856272525 35.427
140.31 49.6620969092429 33.51627
141.31 49.9085316188942 31.65987
142.31 50.0405264574383 29.837835
143.31 50.0678661916135 28.115352
144.31 50.0219131453887 26.46426
145.31 49.9042592863474 24.882582
146.31 49.7194832220695 23.370984
147.31 49.4698595772804 21.929436
148.31 49.120582146546 20.559918
149.31 48.9075686273802 19.4913
150.31 48.6692795244852 18.010494
151.31 48.1834435315099 16.742037
152.31 47.6781453687959 15.635547
153.31 47.1806925202161 14.590461
154.31 46.668072122544 13.606119
155.31 46.1432462813117 12.685992
156.31 45.6120744971517 11.821392
157.31 45.0675552411867 11.00193
158.31 44.5164629706806 10.248312
159.31 43.9674748049386 9.538437
160.31 43.4167319336452 8.874015
161.31 42.8664312522512 8.253354
162.31 42.3186835813853 7.674138
163.31 41.7741547854107 7.132881
164.31 41.2358305906137 6.630108
165.31 40.6998074133593 6.154725
166.31 40.1688786350724 5.721933
167.31 39.6517840398302 5.317569
168.31 39.1334697527407 4.927164
169.31 38.616547996042 4.583109
170.31 38.1108345431787 4.26474
171.31 37.6207337521667 3.982518
172.31 37.1462230599723 3.712641
173.31 36.6796177848252 3.463947
174.31 36.2227003359122 3.234738
175.31 35.7754059606632 3.024171
176.31 35.3379472862429 2.8313574
177.31 34.9104293301637 2.6549982
178.31 34.4926871232823 2.4939618
179.31 34.0845072992971 2.3472648
180.31 33.6856687264427 2.2139823
181.31 33.2959124781132 2.0932401
182.31 32.914926841847 1.9842153
183.31 32.5424085414214 1.8861966
184.31 32.1779720917646 1.7983476
185.31 31.821116378064 1.7200143
186.31 31.4714153568703 1.6505712
187.31 31.1276975206554 1.5888315
188.31 30.7890136065526 1.5353784
189.31 30.4532126940436 1.4891592
190.31 30.1239706861506 1.4568222
191.31 29.7997578783253 1.4246811
192.31 29.4765738479134 1.4001408
193.31 29.1538436200439 1.3738455
194.31 28.7946417821254 1.3243788
195.31 28.387073233256 1.3198362
196.31 27.7254460706062 1.2830349
197.31 27.4962806288714 2.216733
198.31 27.6638115531896 2.1786579
199.31 27.567658434809 2.1797676
200.31 27.432778253827 2.1885513
201.31 27.2806648593646 2.1995628
202.31 27.1197202704179 2.2153551
203.31 26.9539546275591 2.2332633
204.31 26.7855069157392 2.2564428
205.31 26.6173506887552 2.2837518
206.31 26.4484272761687 2.3132244
207.31 26.2776056911927 2.3493288
208.31 26.1045163734361 2.3957223
209.31 25.9176814868359 2.4671796
210.31 25.9860784116848 2.7253272
211.31 25.8408837864792 2.2126482
212.31 25.4345192791405 2.385
213.31 25.1140612371509 2.4425388
214.31 25.0091861189503 2.9148951
215.31 25.0575229608282 2.8877562
216.31 24.9627138171691 2.9308623
217.31 24.8665594330415 2.9791461
218.31 24.767560063142 3.026199
219.31 24.6672038325854 3.076125
220.31 24.5687970951127 3.126936
221.31 24.4711354477534 3.17586
222.31 24.3756491295667 3.227265
223.31 24.2772248375028 3.271878
224.31 24.180497365613 3.330708
225.31 24.0903274504615 3.38364
226.31 24.0016432441789 3.437718
227.31 23.9138025804507 3.489525
228.31 23.8269653171094 3.544815
229.31 23.7432532139802 3.600603
230.31 23.6620162104852 3.656655
231.31 23.5830922679659 3.713052
232.31 23.5065125455041 3.769743
233.31 23.4322694362751 3.826545
234.31 23.360222152713 3.883338
235.31 23.2901838145047 3.940161
236.31 23.2232028803209 3.997662
237.31 23.1570181084131 4.05168
238.31 23.0915172206312 4.109013
239.31 23.0289601487432 4.16613
240.31 22.9685845732858 4.223121
241.31 22.910570663152 4.279992
242.31 22.8560105417447 4.336152
243.31 22.797516648236 4.384794
244.31 22.7418784088303 4.448757
245.31 22.6980467414912 4.504167
246.31 22.6368045396845 4.536975
247.31 22.5782010039899 4.61634
248.31 22.5376863425764 4.671657
249.31 22.4937763942111 4.726227
250.31 22.4506494010658 4.780131
251.31 22.4091316432763 4.833282
252.31 22.3679669692372 4.883718
253.31 22.3270577617294 4.934859
254.31 22.2878174694624 4.985076
255.31 22.2489425748992 5.033013
256.31 22.2105114678183 5.081166
257.31 22.1730040320033 5.127957
258.31 22.1393459500162 5.175825
259.31 22.1179019037935 5.217588
260.31 22.0586300418494 5.207712
261.31 22.0010979868998 5.294769
262.31 21.9819478817633 5.329422
263.31 21.9629146250639 5.352573
264.31 21.9418648516031 5.333103
265.31 21.9891864622917 5.27781
266.31 21.2875691339801 4.552332
267.31 20.8916803338693 5.920995
268.31 21.1992608725965 5.927649
269.31 21.2703108253679 6.179115
270.31 21.3877880138117 6.240039
271.31 21.4377444544048 6.301521
272.31 21.4698324650426 6.363915
273.31 21.4963533890261 6.426807
274.31 21.5172490513244 6.481995
275.31 21.5382125471589 6.542973
276.31 21.5740790137595 6.593283
277.31 21.5528224935847 6.570822
278.31 21.5123412911333 6.676593
279.31 21.5287247960532 6.76437
280.31 21.548749976486 6.819654
281.31 21.5635205317993 6.880365
282.31 21.5808461521643 6.93246
283.31 21.5923323792575 6.977514
284.31 21.5997230221682 7.027257
285.31 21.6051196768372 7.075887
286.31 21.6140173988926 7.13337
287.31 21.6265000774036 7.182162
288.31 21.6381969959516 7.232277
289.31 21.6504562454756 7.279296
290.31 21.6617858001582 7.325637
291.31 21.6728484697103 7.371549
292.31 21.680890354156 7.415703
293.31 21.6930530812228 7.470069
294.31 21.709938230929 7.51428
295.31 21.7246018630922 7.557807
296.31 21.7388256645406 7.600617
297.31 21.7529905723482 7.643199
298.31 21.7668253553862 7.685046
299.31 21.7814302036062 7.728435
300.31 21.7986307199327 7.770996
301.31 21.8151696415358 7.808964
302.31 21.8309157699602 7.849293
303.31 21.8476061670571 7.887954
304.31 21.8643227430038 7.926294
305.31 21.8813838883909 7.963998
306.31 21.898720298584 8.001081
307.31 21.9163235878705 8.037537
308.31 21.9341805118407 8.073351
309.31 21.9522756946597 8.108508
310.31 21.9706240005423 8.142993
311.31 21.98983042082 8.176791
312.31 22.0068970416187 8.206356
313.31 22.0190172567168 8.238603
314.31 22.0371152441963 8.282442
315.31 22.0607701931042 8.315016
316.31 22.0822342753803 8.347401
317.31 22.1039079441653 8.379444
318.31 22.127147880635 8.411829
319.31 22.1530707259438 8.442705
320.31 22.1884761286505 8.472675
321.31 22.2080412234367 8.467731
322.31 22.215726756686 8.497911
323.31 22.2278868179311 8.517231
324.31 22.2391538153454 8.548866
325.31 22.2552617479767 8.577027
326.31 22.2715907757142 8.604702
327.31 22.2881471901499 8.631861
328.31 22.3044960170089 8.658501
329.31 22.3192641889137 8.684622
330.31 22.3322840173019 8.713995
331.31 22.3523245223253 8.751708
332.31 22.3768021759576 8.777442
333.31 22.3981364113883 8.802714
334.31 22.4187073039587 8.827521
335.31 22.4385691899308 8.851821
336.31 22.456808892027 8.875854
337.31 22.4756792793815 8.903451
338.31 22.4955960882619 8.929035
339.31 22.5107652671896 8.954406
340.31 22.5332245584252 8.998287
341.31 22.5833908345447 9.03891
342.31 22.6190039368305 9.022449
343.31 22.6318332514122 9.041562
344.31 22.6554765158776 9.062058
345.31 22.6756778693842 9.070731
346.31 22.6912978340469 9.090096
347.31 22.7101380467812 9.109629
348.31 22.7301734425386 9.128706
349.31 22.7512091132939 9.146616
350.31 22.7674266095254 9.159366
351.31 22.7837105428759 9.183714
352.31 22.8009292709287 9.201495
353.31 22.8222165698938 9.23097
354.31 22.8483048184544 9.248382
355.31 22.8713835468756 9.266013
356.31 22.8940489809929 9.283017
357.31 22.9162559396763 9.29961
358.31 22.9380977941353 9.316086
359.31 22.9599951617661 9.332769
360.31 22.9821884140591 9.349161
361.31 23.0045689626999 9.365187
362.31 23.0270972269862 9.38085
363.31 23.0497702707784 9.39615
364.31 23.0726260528139 9.411105
365.31 23.0957382644141 9.425688
366.31 23.1192704676435 9.43992
367.31 23.1436224421946 9.453744
368.31 23.172076066871 9.467283
369.31 23.1939421512673 9.465675
370.31 23.2090919566867 9.477711
371.31 23.2274978603081 9.489837
372.31 23.245210878357 9.50163
373.31 23.2655851264784 9.518463
374.31 23.2883716291178 9.529806
375.31 23.3098202290631 9.540828
376.31 23.330942974799 9.551538
377.31 23.3518420360767 9.561942
378.31 23.3725127411826 9.572028
379.31 23.3928991399902 9.581805
380.31 23.4128676491703 9.591276
381.31 23.4320321438811 9.600474
382.31 23.4503617470631 9.610212
383.31 23.4653301696309 9.61971
384.31 23.4860916525543 9.641928
385.31 23.5126860428439 9.65172
386.31 23.5362585522757 9.660891
387.31 23.5591966080338 9.669795
388.31 23.5820519775737 9.678516
389.31 23.6052161100721 9.686925
390.31 23.6282223719841 9.694269
391.31 23.6513680811478 9.702195
392.31 23.6758825057471 9.709917
393.31 23.7057359332037 9.717381
394.31 23.7275448565752 9.706206
395.31 23.7417214468982 9.71268
396.31 23.7609478707232 9.718884
397.31 23.7816948335047 9.724881
398.31 23.8039085325615 9.73062
399.31 23.8286074791403 9.736092
400.31 23.8646714038182 9.741294
401.31 23.8818479406289 9.705327
402.31 23.8812937895652 9.710172
403.31 23.8906969922212 9.714756
404.31 23.9038606019507 9.7227
405.31 23.9194546377149 9.727134
406.31 23.9346573515805 9.731589
407.31 23.9501218792958 9.736173
408.31 23.9666038948043 9.74097
409.31 23.9820434474274 9.743061
410.31 23.9972565264559 9.748626
411.31 24.0138206867899 9.752652
412.31 24.0301622173227 9.756396
413.31 24.0466408836971 9.760287
414.31 24.0634451978537 9.76392
415.31 24.0804605661101 9.767271
416.31 24.0977736912761 9.770475
417.31 24.1156455510668 9.773469
418.31 24.1346768309255 9.776256
419.31 24.1592598643341 9.778836
420.31 24.175146133344 9.761433
421.31 24.1819953013818 9.762192
422.31 24.1933824634496 9.763722
423.31 24.2058450088145 9.765054
424.31 24.2184823888631 9.766185
425.31 24.2307144074053 9.767121
426.31 24.2396490887645 9.767862
427.31 24.2579338396732 9.782322
428.31 24.2761386948446 9.77097
429.31 24.2836945346581 9.771633
430.31 24.2966343334455 9.778539
431.31 24.3122457885111 9.778593
432.31 24.3256695928808 9.778971
433.31 24.3388636439728 9.780111
434.31 24.3523204935923 9.781215
435.31 24.3658834944636 9.782163
436.31 24.3794881099195 9.782955
437.31 24.3931272403929 9.783591
438.31 24.4067515017512 9.784011
439.31 24.4203597423052 9.784341
440.31 24.4340261304504 9.784521
441.31 24.4476558650701 9.784428
442.31 24.461264113001 9.784323
443.31 24.4749248859663 9.784059
444.31 24.4881763401982 9.783651
445.31 24.5030468105659 9.785568
446.31 24.5202505413315 9.785046
447.31 24.5431782544527 9.78438
448.31 24.5556750397127 9.760824
449.31 24.5583164032269 9.759459
450.31 24.5667790418031 9.757953
451.31 24.5763650328077 9.756306
452.31 24.5863972783023 9.754515
453.31 24.5966286257566 9.752586
454.31 24.6069461490393 9.750516
455.31 24.6172702255983 9.748308
456.31 24.6275545944594 9.745962
457.31 24.6377717961644 9.743478
458.31 24.6479041912179 9.740859
459.31 24.6579385826878 9.738102
460.31 24.6680732126087 9.735213
461.31 24.6771148801512 9.730974
462.31 24.6855776363455 9.728868
463.31 24.694757281135 9.726636
464.31 24.7041177729783 9.724278
465.31 24.7135377354359 9.721758
466.31 24.72298280934 9.719154
467.31 24.7324803629426 9.716421
468.31 24.741979876836 9.713496
469.31 24.751464111924 9.710493
470.31 24.7610209476351 9.707397
471.31 24.770642525404 9.704115
472.31 24.780388464556 9.700779
473.31 24.7904399291308 9.697332
474.31 24.8010496041974 9.693756
475.31 24.8129392739878 9.69006
476.31 24.8312608148942 9.686244
477.31 24.839610090682 9.659247
478.31 24.8369077802105 9.652665
479.31 24.8390579021526 9.648117
480.31 24.8426850202386 9.643449
481.31 24.8464867813148 9.638667
482.31 24.8497098914882 9.633768
483.31 24.8491219359551 9.628752
484.31 24.8547684355003 9.637476
485.31 24.866272193913 9.632475
486.31 24.8740537213749 9.627369
487.31 24.88094812104 9.62214
488.31 24.8873010612359 9.6168
489.31 24.8931981431491 9.611361
490.31 24.8984151367681 9.605802
491.31 24.9032527904699 9.601068
492.31 24.9085091731101 9.596856
493.31 24.9140604263694 9.592233
494.31 24.9196077950618 9.587547
495.31 24.925150173069 9.582678
496.31 24.9306726021026 9.577794
497.31 24.936241423271 9.572811
498.31 24.9418673677422 9.567735
499.31 24.9475685460694 9.56256
500.31 24.9533807770443 9.557292
501.31 24.9593493097418 9.551901
502.31 24.9655626531547 9.546444
503.31 24.9721973252027 9.540894
504.31 24.9794624550171 9.535182
505.31 24.98777369533 9.529362
506.31 24.9983504162386 9.523533
507.31 25.0178297499094 9.517611
508.31 25.0367600793813 9.486945
509.31 25.0244809936187 9.44034
510.31 25.0045479341398 9.441255
511.31 24.9990099298399 9.434886
512.31 24.9956581887626 9.431397
513.31 24.9945326923861 9.4251
514.31 24.9933231019931 9.418716
515.31 24.9924274215643 9.412242
516.31 24.9922223614101 9.405681
517.31 24.991167619724 9.397035
518.31 24.989318563633 9.390354
519.31 24.9882598798468 9.383586
520.31 24.9867742052673 9.375756
521.31 24.9847111470882 9.368805
522.31 24.9825252982495 9.361896
523.31 24.980441256978 9.355764
524.31 24.9786889902973 9.349485
525.31 24.977032463292 9.343215
526.31 24.975457476264 9.33687
527.31 24.9739074327357 9.330447
528.31 24.9723633299269 9.323949
529.31 24.970815210125 9.317376
530.31 24.9692613928382 9.310725
531.31 24.9676984966011 9.303999
532.31 24.9661347887495 9.297201
533.31 24.9645955301077 9.290331
534.31 24.9631126105434 9.283383
535.31 24.9617205811654 9.276336
536.31 24.9605029237777 9.269244
537.31 24.9596477193368 9.262083
538.31 24.9594358669999 9.254769
539.31 24.9606718975211 9.247386
540.31 24.9695683252611 9.240009
541.31 24.965782999067 9.204726
542.31 24.9499538639318 9.196818
543.31 24.9412871790582 9.188883
544.31 24.9340305644891 9.180915
545.31 24.9273517988455 9.172872
546.31 24.9209134641527 9.164754
547.31 24.9145717548182 9.156567
548.31 24.9082376211323 9.148308
549.31 24.9018479319236 9.139977
550.31 24.8953733342492 9.131577
551.31 24.888756103048 9.123069
552.31 24.8819733131741 9.114531
553.31 24.8750532889668 9.105924
554.31 24.8678942462346 9.097143
555.31 24.8604841862358 9.088401
556.31 24.853483927365 9.079773
557.31 24.8444296977323 9.068322
558.31 24.8344591158993 9.06144
559.31 24.8257838747447 9.053511
560.31 24.8168113244001 9.045522
561.31 24.8074558779655 9.037473
562.31 24.7972789439202 9.02937
563.31 24.7832752654168 9.021207
564.31 24.7753397382738 9.026523
565.31 24.7731571957837 9.018435
566.31 24.7674074316198 9.010296
567.31 24.7609245013983 9.002103
568.31 24.7541618851782 8.993856
569.31 24.7473427834795 8.985558
570.31 24.7406543822615 8.977209
571.31 24.7343222601018 8.968776
572.31 24.7287747320665 8.960322
573.31 24.7251244433459 8.951817
574.31 24.7302595413968 8.943171
575.31 24.7246766020098 8.904693
576.31 24.7013124345189 8.884971
577.31 24.6813159692293 8.876076
578.31 24.6667706907141 8.86713
579.31 24.6518017300437 8.85453
580.31 24.6358947418724 8.845554
581.31 24.6213266809427 8.836533
582.31 24.6071691665092 8.827428
583.31 24.593263900994 8.818317
584.31 24.5796298618625 8.809164
585.31 24.566276973902 8.799849
586.31 24.5536071485834 8.790606
587.31 24.5448220721708 8.781324
588.31 24.5293163413315 8.757648
589.31 24.5074843809316 8.748264
590.31 24.4892670276258 8.738838
591.31 24.4715510812368 8.72937
592.31 24.45374683337 8.71995
593.31 24.4358590112484 8.71104
594.31 24.4182046903052 8.702508
595.31 24.4007590611649 8.69394
596.31 24.3833391183397 8.685333
597.31 24.3658846177161 8.676687
598.31 24.3483588859353 8.668005
599.31 24.3307019472516 8.659284
600.31 24.3127304486119 8.650527
601.31 24.294982191172 8.642514
602.31 24.2774948287761 8.633823
603.31 24.259810823612 8.625099
604.31 24.2420854776793 8.616342
605.31 24.2243850558178 8.607549
606.31 24.2068011536572 8.59872
607.31 24.1894953668871 8.589858
608.31 24.1728019151813 8.58096
609.31 24.1575938848284 8.572023
610.31 24.1504713102876 8.563182
611.31 24.1298927113501 8.524776
612.31 24.0964997104651 8.515422
613.31 24.070667180948 8.506077
614.31 24.0463213810766 8.496738
615.31 24.0225384827846 8.487279
616.31 23.9989070492778 8.477781
617.31 23.9737666642599 8.467971
618.31 23.9531314234853 8.465577
619.31 23.9385884787878 8.454969
620.31 23.9348405884566 8.440947
621.31 23.8892541363126 8.366454
622.31 23.8177480477636 8.383767
623.31 23.7922690262083 8.414055
624.31 23.781479513183 8.408187
625.31 23.7618501967648 8.399652
626.31 23.739539958535 8.390478
627.31 23.7158537653641 8.381064
628.31 23.6912602909093 8.371533
629.31 23.6659500426651 8.361924
630.31 23.6398706307847 8.352264
631.31 23.6132595463094 8.343099
632.31 23.5865466414067 8.334228
633.31 23.5597598238958 8.325315
634.31 23.5328289007556 8.316357
635.31 23.505790706938 8.307345
636.31 23.4787533531714 8.298252
637.31 23.4522247714385 8.288925
638.31 23.4260202340708 8.277378
639.31 23.3916334800049 8.259654
640.31 23.3589268376964 8.261418
641.31 23.3334014520419 8.252745
642.31 23.3056796550008 8.243673
643.31 23.2775647128214 8.234496
644.31 23.2494730024852 8.225268
645.31 23.2218132044448 8.215995
646.31 23.1955117394101 8.206683
647.31 23.176812874402 8.197332
648.31 23.1457302072745 8.160123
649.31 23.1017232085324 8.148657
650.31 23.0641948279939 8.138943
651.31 23.0284796345075 8.128947
652.31 22.9933127030187 8.118963
653.31 22.9586527595517 8.109135
654.31 22.9247503599917 8.099271
655.31 22.8923696637738 8.089368
656.31 22.8680446882283 8.079426
657.31 22.8295373980712 8.039388
658.31 22.7777027765416 8.0295
659.31 22.7329105828411 8.019576
660.31 22.6906138855564 8.012226
661.31 22.6498377766161 8.002374
662.31 22.608463154242 7.992489
663.31 22.5668180451959 7.982571
664.31 22.5248498262863 7.972617
665.31 22.4824901037604 7.962633
666.31 22.4396731937732 7.952619
667.31 22.3963305885003 7.942578
668.31 22.3523494189523 7.93251
669.31 22.307549814387 7.922415
670.31 22.2614880235078 7.912305
671.31 22.2112340414868 7.902174
672.31 22.1660545099443 7.904988
673.31 22.1260020417132 7.895805
674.31 22.0824559412399 7.886589
675.31 22.0378915818033 7.877346
676.31 21.9926443664061 7.868073
677.31 21.9468331695851 7.858773
678.31 21.9005266716113 7.849443
679.31 21.8537621061472 7.840083
680.31 21.8065763694909 7.830693
681.31 21.7590153056569 7.821273
682.31 21.7111637775936 7.81182
683.31 21.6630477514301 7.802226
684.31 21.6148998723945 7.792704
685.31 21.5668669391955 7.782789
686.31 21.5198581540097 7.773195
687.31 21.4806716340263 7.763559
688.31 21.4273702033229 7.724142
689.31 21.3605787833094 7.714212
690.31 21.3015165279053 7.705038
691.31 21.2438524367599 7.694928
692.31 21.1861126499527 7.684821
693.31 21.128236753536 7.674666
694.31 21.0699200187404 7.664226
695.31 21.0111166425639 7.653966
696.31 20.9520414343527 7.643655
697.31 20.8934702349985 7.633293
698.31 20.8325076223343 7.618965
699.31 20.7692956847554 7.608522
700.31 20.7069689608385 7.598028
701.31 20.6432204719847 7.585521
702.31 20.5779639187789 7.57494
703.31 20.5125105550774 7.564317
704.31 20.4463837403362 7.553643
705.31 20.3794882622772 7.542936
706.31 20.3116920501259 7.532175
707.31 20.2432116087031 7.521732
708.31 20.1740198480147 7.51089
709.31 20.1038314136943 7.499997
710.31 20.0326879843458 7.489068
711.31 19.9605788056348 7.478109
712.31 19.887475639842 7.467111
713.31 19.8133452380156 7.456092
714.31 19.7381272728445 7.445043
715.31 19.6616750426015 7.434033
716.31 19.5842799198148 7.423575
717.31 19.5061964315285 7.413096
718.31 19.4271589266881 7.402449
719.31 19.3471386910855 7.391886
720.31 19.2662876183352 7.381284
721.31 19.1842632144567 7.370223
722.31 19.101083071239 7.359531
723.31 19.0170632519692 7.348797
724.31 18.9321690396738 7.338015
725.31 18.8465140061185 7.327179
726.31 18.7603977922428 7.316298
727.31 18.6746657670343 7.305369
728.31 18.5999464985912 7.294383
729.31 18.5060278957037 7.255581
730.31 18.3993508818093 7.242405
731.31 18.2978347660415 7.231065
732.31 18.1969277233507 7.219659
733.31 18.0953385072424 7.208181
734.31 17.9926729172547 7.196634
735.31 17.8886687775315 7.184943
736.31 17.7832041710477 7.173237
737.31 17.6762210963064 7.161402
738.31 17.565973588272 7.149309
739.31 17.4552770468462 7.137348
740.31 17.3427948320558 7.125297
741.31 17.2283844868293 7.113153
742.31 17.1119466682692 7.100919
743.31 16.9933833378337 7.088607
744.31 16.8726263043153 7.076271
745.31 16.7765784426607 7.063839
746.31 16.6521587275461 7.051311
747.31 16.5268402923587 7.03869
748.31 16.3989861054793 7.02597
749.31 16.2692331224514 7.014162
750.31 16.1375155808394 7.001343
751.31 16.0030966910902 6.988431
752.31 15.8660815668906 6.975423
753.31 15.7264124556356 6.962322
754.31 15.5840344976512 6.949125
755.31 15.4387620688374 6.935697
756.31 15.290500014251 6.922305
757.31 15.1396793311703 6.908814
758.31 14.9856271763262 6.89478
759.31 14.8287640769949 6.881091
760.31 14.6670766398147 6.864615
761.31 14.4994225816778 6.850995
762.31 14.3326105426834 6.842868
763.31 14.1627670208181 6.825006
764.31 13.9849118273333 6.810222
765.31 13.8011308558085 6.796314
766.31 13.6164683475401 6.789864
767.31 13.4287973052303 6.775812
773.848 12.0981405104843 6.71815
782.736 9.89528995683163 6.64012
791.726 7.0366346987417 6.563
800.82 3.15067614091958 6.48677
810.019 -2.82225962375425 6.41143
810.348096118299 -3.09628158888368 6.46540330533218
811.345015403573 -3.89124283959583 6.49183904730017
812.341934688848 -4.75046953794501 6.46296409592209
813.338853974122 -5.70838193817843 6.40456939247709
814.335773259396 -6.77791252969288 6.35736112139425
815.33269254467 -7.91934905984485 6.36049179594108
816.329611829944 -9.16388524880784 6.31266205639367
817.326531115219 -10.532927796292 6.32791136599964
818.323450400493 -11.9997003071967 6.35030756294795
819.320369685767 -13.6220256265977 6.35654557981763
820.317288971041 -15.4135370918441 6.41219033962012
821.314208256315 -17.371622332064 6.46348482017068
822.31112754159 -19.5989849898024 6.47997706670577
823.308046826864 -22.1452873770232 6.57974608749232
824.304966112138 -25.0473256657363 6.71245293690075
825.301885397412 -28.4326696011213 6.89332359231292
826.298804682686 -32.4208575278145 7.19538059831505
827.29572396796 -37.2244912015526 7.58817200014354
828.292643253235 -43.1690038585919 8.20034176996326
829.289562538509 -50.9222950279935 9.01946053848266
829.538792359827 -53.3287007080423 9.37440254836275
829.788022181146 -55.9222225446836 9.77968350387264
830.037252002465 -58.8119685129306 10.2461791031421
830.286481823783 -62.1165498573933 10.8770531112886
830.535711645102 -66.0309103094501 11.8565709280556
830.78494146642 -70.5899621357632 13.9339127874749
831.034171287739 -73.836409136592 18.8019587870191
831.283401109057 -71.7989868027379 24.3741285569142
831.532630930376 -71.4604507010127 19.0068996793211
831.781860751694 -76.8920181922337 16.5767307652575
832.031090573013 -83.5087215427737 16.5146674354152
832.280320394331 -90.4224981033878 17.3472079603128
832.380012322859 -93.4460470887931 17.7022863007639
832.479704251386 -96.6619764052846 18.2441159148164
832.579396179914 -100.060678387287 18.8956347128646
832.679088108441 -103.524184987582 19.7941872255768
832.778780036969 -107.186041647014 20.550423459904
832.878471965496 -111.214611434601 21.4632697473013
832.978163894023 -115.49253701386 22.6501836275712
833.077855822551 -119.972383964 23.9906002185887
833.177547751078 -124.835283009616 25.3804235525388
833.277239679606 -130.05910711786 27.1412635598338
833.376931608133 -135.646887502463 29.0664819760058
833.476623536661 -141.784768542435 31.2542708184563
833.576315465188 -148.329267694642 34.0377371841912
833.676007393715 -155.217910425904 37.0834632419722
833.775699322243 -162.993151313253 40.1698954841823
833.87539125077 -171.781812492693 44.1770332566438
833.975083179298 -181.23515696236 49.2288595180376
834.074775107825 -191.526696170937 54.9897812974989
834.174467036352 -203.012929770838 61.8510129934707
834.27415896488 -215.865625046637 70.3078649722109
834.373850893407 -229.313118365661 81.2707885343053
834.473542821935 -244.918201089963 92.6382880668311
834.573234750462 -262.367379305632 108.980021189727
834.672926678989 -281.447791426647 128.336497834224
834.772618607517 -302.3965614913 153.73054061196
834.872310536044 -326.258682034102 185.355736949647
834.972002464572 -350.626575282844 230.804567078864
835.071694393099 -375.369043623654 289.413613413689
835.171386321626 -382.498125424875 381.857578099006
835.271078250154 -369.920975328268 479.068205907529
835.370770178681 -303.027728078486 620.915806183364
835.470462107209 -165.720428929768 724.822756697565
835.570154035736 15.9580288312794 768.173820024646
835.669845964264 192.750202980803 714.992186750996
835.769537892791 319.75185756404 602.211727725656
835.869229821318 378.960725303959 462.350780356938
835.968921749846 381.329685015035 344.772584785163
836.068613678373 360.634691093335 265.094643524826
836.168305606901 334.706363194554 206.111291400238
836.267997535428 308.005716106375 163.324339664887
836.367689463956 281.264404199062 129.805036407346
836.467381392483 257.16829347027 107.710809402351
836.56707332101 235.787032923149 88.961636407871
836.666765249538 217.013326278235 76.2550012943476
836.766457178065 200.299638577766 64.6862749394408
836.866149106593 185.222032869089 56.7335628456
836.96584103512 172.210540972494 50.0486464194696
837.065532963647 160.310454410099 44.3739269824882
837.165224892175 149.807485182735 40.346720445066
837.264916820702 140.450054813557 36.5009826992965
837.36460874923 131.714584073422 33.3891992101771
837.464300677757 123.88153112437 31.127273846349
837.563992606285 116.806435748714 29.0757155577759
837.663684534812 110.442342134382 27.5704280495545
837.763376463339 104.67102658384 26.1018071807424
837.863068391867 99.4444726355456 24.974372498976
837.962760320394 94.6079261693223 23.7515424078989
838.062452248922 90.0779417882983 22.8043335808562
838.162144177449 85.8569296256215 21.9307687668641
838.261836105977 82.0302225230237 21.3222602530087
838.361528034504 78.5149654743934 20.5739213346263
838.461219963031 75.1395794806866 19.8697066772279
838.560911891559 71.9020059615317 19.2608874291402
838.660603820086 68.9464560933977 18.8397516573507
838.760295748614 66.1836648151476 18.3552261021759
838.859987677141 63.5545350827928 17.8912090063315
838.959679605668 61.0379001445083 17.4368246716878
839.059371534196 58.6097963193627 17.0256323953315
839.159063462723 56.3252522035815 16.7098355282857
839.258755391251 54.1618536745838 16.3629652380117
839.358447319778 52.1100423449099 16.060529942954
839.458139248306 50.1080562709489 15.7111737788218
839.557831176833 48.2200310733825 15.4876649787637
839.65752310536 46.4163458111158 15.1581958054974
839.757215033888 44.6346703888758 14.8719186905185
839.856906962415 42.9526736965329 14.6350483184723
839.956598890943 41.2731693177318 14.2950141813085
840.05629081947 39.636474825863 14.1072398179629
840.155982747997 38.0900713768379 13.878448535956
840.255674676525 36.5572541559399 13.6350527450319
840.355366605052 35.0669266845014 13.4475891159185
840.45505853358 33.5978424416409 13.2312272032031
840.554750462107 32.1826827930905 13.100317204365
840.654442390635 30.8100257328499 12.9165823860391
840.754134319162 29.4615700297463 12.7726215494452
840.853826247689 28.1275019706482 12.6106381273789
840.953518176217 26.8304467428997 12.5129766913952
841.053210104744 25.5815290257372 12.3954282645452
841.152902033272 24.3304437644157 12.2654504684042
841.252593961799 23.1138389496521 12.2010375952744
841.451977818854 20.7909474167642 12.029019790728
841.651361675909 18.5142419954843 11.8473692249807
841.850745532964 16.342917778437 11.7713682982094
842.050129390018 14.235060763165 11.5950002144108
842.249513247073 12.1629929735416 11.4950727517537
842.448897104128 10.1309686032615 11.3485351542544
842.648280961183 8.12815938751426 11.246121817739
842.847664818238 6.12250126253884 11.0887085221098
843.047048675293 4.12935408860402 11.0123968611062
843.246432532347 2.13330724599816 10.8730061509492
843.445816389402 0.124163333625473 10.8013555034297
843.645200246457 -1.89421834396994 10.6970777615207
843.844584103512 -3.94039190077658 10.6260485824659
844.043967960567 -6.02704118618512 10.5385504891001
844.243351817622 -8.19054731087963 10.4830580216594
844.442735674677 -10.3412837854241 10.5444016255567
844.642119531731 -12.5136778050581 10.5063102751236
844.841503388786 -14.7943036182199 10.4955635371315
845.040887245841 -17.1368796582612 10.5497602536863
845.240271102896 -19.5350371697218 10.6095501864222
845.439654959951 -22.0548936492948 10.663746902977
845.639038817005 -24.6564106130227 10.8385085016571
845.83842267406 -27.3367746950316 10.9983548571878
846.037806531115 -30.133017637838 11.1954893205923
846.23719038817 -33.0461655512599 11.4255616126188
846.436574245225 -36.1318824916529 11.6550124361806
846.63595810228 -39.3954269718003 11.982033808679
846.835341959335 -42.8184768951006 12.3547331133229
847.034725816389 -46.4770961981622 12.7330256341478
847.234109673444 -50.4189598553283 13.2039169561928
847.433493530499 -54.6447967066344 13.7792149802845
847.632877387554 -59.2338180411004 14.4244282066397
847.832261244609 -64.2211811723233 15.2759689632302
848.031645101664 -69.5700723699037 16.325136691552
848.231028958718 -75.4944789649901 17.3976094872949
848.430412815773 -82.1069759542331 18.8849124831343
848.629796672828 -89.3299021032104 20.8050682645427
848.829180529883 -97.3139200741049 23.0720034491777
849.028564386938 -106.198128723375 25.918768711251
849.227948243993 -116.171576987276 29.3031041951722
849.32764017252 -121.769147704484 31.3007236874659
849.427332101047 -127.768049596421 33.597269511215
849.527024029575 -133.97361478455 36.3431370348439
849.626715958102 -140.854553900347 38.8379312987889
849.72640788663 -148.473373671838 42.164561102553
849.826099815157 -156.787035307629 45.8696652012364
849.925791743685 -165.773139766006 50.5159832895022
850.025483672212 -175.488052326333 55.7377811759541
850.125175600739 -186.629751409231 61.7084485622057
850.224867529267 -198.208545286505 70.2156394865755
850.324559457794 -211.054981329351 78.6376892312999
850.424251386322 -225.883411351551 90.0356407185894
850.523943314849 -241.276922951931 105.093419993696
850.623635243376 -257.955765593193 122.616875401961
850.723327171904 -275.828818926907 146.150552331024
850.823019100431 -290.394520421281 178.046708919261
850.922711028959 -303.407965400287 211.488768313102
851.022402957486 -312.581745600407 256.259265613247
851.122094886013 -315.26427376051 306.688854751713
851.221786814541 -300.454849525004 371.791314338535
851.321478743068 -271.138993317637 425.163556656711
851.421170671596 -227.631540208298 482.255287735304
851.520862600123 -170.497946211668 524.792227373806
851.620554528651 -100.669442355592 560.343861470609
851.720246457178 -20.8302323421359 573.90172660649
851.819938385705 59.3256895326244 565.21102071098
851.919630314233 130.954845562425 534.268636441754
852.01932224276 184.225062003052 486.978524212171
852.119014171288 222.628212023529 440.803947876481
852.218706099815 248.796501085132 389.536437473688
852.318398028343 260.135547536759 339.546044765575
852.41808995687 261.880668568357 298.601125559191
852.517781885397 258.815003502776 263.923715817935
852.617473813925 255.139504386474 236.996328564025
852.717165742452 249.44832565189 208.925439335318
852.81685767098 238.711147250719 185.334716267652
852.916549599507 229.983553645216 171.305596261536
853.016241528034 221.84410639277 154.149868410199
853.115933456562 213.024706264772 142.298373903916
853.215625385089 205.079161239573 131.257895743888
853.315317313617 197.854246221421 122.546992123279
853.415009242144 191.755903606633 114.428658683632
853.514701170672 185.546338595178 106.218969379694
853.614393099199 179.522004335498 99.6947025516534
853.714085027726 174.317476165611 93.580604910225
853.813776956254 168.893339205945 87.0693889199405
853.913468884781 163.401258552188 81.8126070253783
854.013160813309 157.960324959249 76.6372374996741
854.112852741836 152.224888083885 72.2228561088285
854.212544670363 147.027973042918 69.1315810790396
854.312236598891 142.3105103418 65.8942609600784
854.411928527418 137.606304005389 63.040386883753
854.511620455946 133.148169340032 60.7626140740786
854.611312384473 129.046932953259 58.7732026319619
854.711004313001 125.201110506724 56.9568701572263
854.810696241528 121.440918329357 55.2962155328638
854.910388170055 118.018368596564 54.1659842430068
855.010080098583 114.866646103965 52.9030694359655
855.10977202711 111.828846979218 51.8673013527222
855.209463955638 109.01058885941 51.0002619576082
855.309155884165 106.437871776144 50.234521922218
855.408847812693 104.035389077927 49.4398836032256
855.50853974122 101.614806884405 48.6290871041545
855.608231669747 99.3610906642955 48.1905502153573
855.707923598275 97.3668064928502 47.6929738224266
855.807615526802 95.5060658288371 47.181414389043
855.90730745533 93.6165176519798 46.5847137760143
856.006999383857 91.895310438528 46.3211202599919
856.106691312384 90.3215162696356 45.8434308579271
856.206383240912 88.782022132224 45.4502611670431
856.306075169439 87.3163046128555 45.0421762330095
856.405767097967 85.891404162974 44.6499387448224
856.505459026494 84.4989120311193 44.2834921979145
856.605150955022 83.1523522126518 43.9773280920695
856.704842883549 81.9141169844543 43.7364181750037
856.804534812076 80.7171850055688 43.4125422179185
856.904226740604 79.5373446226816 43.1548526523095
857.003918669131 78.3739369119817 42.8993382263263
857.103610597659 77.2960752064693 42.7702926328821
857.203302526186 76.3051970933468 42.5781679902844
857.302994454714 75.3224202608582 42.373924712628
857.402686383241 74.360310711141 42.2128734932585
857.502378311768 73.4540568745433 42.086935242137
857.602070240296 72.5745564052442 41.9463924820983
857.701762168823 71.7645718820509 41.8826010774332
857.801454097351 70.9975180803954 41.744854925485
857.901146025878 70.2255144598333 41.6363177913713
858.000837954405 69.5265355198467 41.5942777829659
858.100529882933 68.8586589821969 41.4764186218838
858.20022181146 68.2149536040632 41.4172882307029
858.299913739988 67.6197059724657 41.3407567225143
858.399605668515 67.0735562532657 41.2726150385972
858.499297597042 66.5471268511027 41.1507163324953
858.59898952557 66.0351344268774 41.0449758064722
858.698681454097 65.5335381157373 40.910647731079
858.798373382625 65.0438795572774 40.7946529753906
858.898065311152 64.5536640669198 40.6615678369266
858.99775723968 64.1003963913643 40.5915617476159
859.097449168207 63.7201237975436 40.4951432485612
859.197141096734 63.3305116997016 40.3076796194478
859.695600739372 61.3315785142393 39.5080167387822
860.194060382009 59.497703682404 38.7739187811279
860.692520024646 57.8295872849855 38.0895383006388
861.190979667283 56.3377955655305 37.4927848736532
861.68943930992 55.0151762537815 36.9072178790297
862.187898952557 53.8717939396919 36.3592497265124
862.686358595194 52.8059251691062 35.6584003317123
863.184818237831 51.7712536388436 35.0125508960262
863.683277880468 50.6885344626934 34.2309106008328
864.181737523105 49.4789243519042 33.6068125614064
864.680197165742 48.3403674943918 33.2440420113291
865.17865680838 47.3858450946848 32.9437290419407
865.677116451017 46.5030833184537 32.559517829836
866.175576093654 45.5455368578277 32.1563518295621
866.674035736291 44.587622166189 32.0070556970626
867.172495378928 43.835871316758 32.0180984284206
867.670955021565 43.3335643631354 31.9815988222395
868.169414664202 42.8008257938029 31.6660598754691
868.667874306839 42.4111077422235 31.6867353680279
869.166333949476 42.164674910659 31.2180044447425
869.664793592113 41.645613287018 30.6094431169301
870.16325323475 41.0763355028996 30.2305143867742
870.661712877388 40.3962409626033 29.5918118384307
871.160172520025 39.4911504017414 29.188956572389
871.658632162662 38.6081744415075 29.0051689401063
872.157091805299 37.6804570766541 28.8011835827251
872.655551447936 36.7702505128005 28.9237799034724
873.154011090573 35.9839069209407 29.0755852420541
873.65247073321 35.256247492885 29.3193679133914
874.150930375847 34.6135866156008 29.6458058905157
874.649390018484 34.0748950181908 30.0415376014388
875.147849661121 33.6553258741966 30.4848116499011
875.646309303759 33.406969307392 30.9725206935799
876.144768946396 33.2959877798552 31.3101451030663
876.643228589033 33.1835199266209 31.5439842789705
877.14168823167 33.0522244099128 31.780309328733
877.640147874307 32.9710819176576 32.0592049683181
878.138607516944 32.9410969066142 32.2899368018996
878.637067159581 32.9939697297101 32.5601318829808
879.135526802218 33.1639624232262 32.7215699827633
887.529 32.9200198890969 31.976
897.726 32.4774826422595 31.3629
908.041 32.2810496203661 30.7616
918.475 32.5176037633445 30.1718
929.029 32.7702809164444 29.5934
939.705 33.0023060976413 29.026
950.504 33.1318162551329 28.4695
961.427 33.1207656314408 28.0024
972.476 33.1446971057033 27.9119
983.652 33.345587473219 27.8217
994.957 33.5665199302933 27.7317
1006.39 33.8479395763506 27.6421
1017.96 34.1682126181802 27.5528
1029.66 34.4741729014562 27.4637
1041.49 34.7808734058934 27.3749
1053.47 35.0793769976559 27.2864
1061.31 35.2539580432204 27.2292
1069.31 35.4260541266364 27.2225
1081.6 35.7360233191977 27.2124
1094.04 36.0659389598292 27.2024
1106.61 36.4084774533749 27.1924
1119.33 36.7784823882715 27.1824
1132.2 37.1029955576444 27.1725
1145.22 37.4875595664319 27.1625
1158.38 37.8670583227406 27.1526
1171.7 38.2557169295205 27.1427
1185.17 38.6541772424165 27.1327
1198.8 39.0649638669602 27.1227
1212.58 39.4917284727184 27.1127
1226.52 39.9457979066202 27.1029
1240.63 40.4325951837577 27.0698
1254.89 40.9399768393377 26.9983
1269.32 41.4678305313744 26.8895
1283.92 41.9685721183425 26.6837
1298.68 42.4118917933728 26.4795
1313.62 42.8298428384767 26.2769
1328.72 43.230083116488 26.0758
1344 43.6170786611699 25.876
1359.46 43.9938796722014 25.6778
1375.09 44.3628561343715 25.4813
1390.91 44.726485514409 25.2864
1406.9 45.0865564257994 25.0929
1423.08 45.4456907196983 24.9008
1439.45 45.8077169017994 24.7102
1456.01 46.1825161874338 24.5211
1472.75 46.5680310669147 24.3102
1489.69 46.9659179821433 24.0871
1506.83 47.3675309180794 23.813
1524.16 47.7308077502368 23.4888
1541.69 48.0493994393057 23.1691
1559.43 48.3433154425169 22.854
1577.36 48.6179951948887 22.5432
1595.51 48.8768745496143 22.2363
1613.86 49.1218167220739 21.9337
1632.43 49.3547690353411 21.6352
1651.2 49.5765755415094 21.3408
1670.2 49.7888422585622 21.0504
1689.41 49.9920765327067 20.7639
1708.85 50.1878788201431 20.4815
1728.51 50.3786313480229 20.203
1748.39 50.5624056414852 19.9216
1768.51 50.736433576655 19.6425
1788.86 50.9019715950293 19.3656
1809.44 51.0588918404265 19.0919
1830.25 51.2080864217938 18.8222
1851.31 51.3506615403857 18.5564
1872.61 51.48699427374 18.2943
1894.16 51.6174789309385 18.0357
1915.95 51.7423036057246 17.7809
1938 51.8621051163967 17.5298
1960.3 51.9770295478349 17.2821
1982.85 52.0868781668015 17.0377
2005.67 52.1914295612233 16.7977
2028.75 52.2967715076567 16.5666
2052.09 52.4009186502966 16.3285
2075.7 52.4975794647793 16.0927
2099.59 52.5891984023671 15.86
2123.75 52.6765588091038 15.6302
2148.19 52.7599501567984 15.4029
2172.91 52.8392665541769 15.1781
2197.91 52.9145916321495 14.9561
2223.21 52.9862268059667 14.7368
2248.79 53.0546972344923 14.5206
2274.67 53.1197529574964 14.306
2300.85 53.1810724364257 14.0943
2327.33 53.2392155999383 13.8853
2354.11 53.2941898256871 13.6788
2381.2 53.3460890294549 13.4748
2408.61 53.3950081544832 13.2733
2436.33 53.4410689268288 13.0743
2464.37 53.4841567272379 12.8775
2492.73 53.5246194983165 12.6837
2521.42 53.5626361278449 12.4917
2550.44 53.5977557800632 12.3019
2579.79 53.6302854199567 12.1146
2609.49 53.6602662528615 11.9292
2639.52 53.6873658734034 11.746
2669.9 53.7119106801249 11.5655
2700.63 53.7341846777099 11.3871
2731.72 53.7538558715114 11.2107
2763.16 53.7712089538623 11.0371
2794.96 53.7866107920155 10.8654
2827.13 53.7997670002578 10.6956
2859.67 53.8104452397189 10.5275
2892.59 53.8185177664231 10.3616
2925.89 53.8244096573956 10.1981
2959.57 53.8282640395111 10.0366
2993.63 53.8300850387494 9.87704
3028.09 53.8294751487109 9.71885
3062.95 53.8264040439788 9.56306
3098.21 53.8212615344346 9.40915
3133.87 53.8138531159735 9.25711
3169.95 53.8042122393164 9.10699
3206.44 53.7923477942389 8.95871
3243.35 53.7782206456505 8.81228
3280.69 53.7618599022056 8.66765
3318.45 53.7432313107575 8.5248
3356.66 53.72220989778 8.38357
3395.3 53.6988054123464 8.24419
3434.38 53.6729991569205 8.10652
3473.92 53.6447015842825 7.97051
3513.91 53.613883146171 7.83621
3554.37 53.5804839929094 7.70361
3595.29 53.5445064569692 7.57264
3636.68 53.5058207071798 7.44329
3678.55 53.464338861116 7.3155
3720.9 53.4199231636271 7.18921
3763.73 53.3724629599877 7.06457
3807.06 53.3218452177157 6.9414
3850.89 53.2679060717149 6.8198
3895.23 53.2105468397246 6.69974
3940.08 53.1496269403834 6.58115
3985.44 53.0849205606049 6.46401
4031.32 53.0161890431772 6.34831
4077.74 52.9431451810382 6.23396
4124.69 52.8655277208731 6.12106
4172.18 52.7830237085205 6.00952
4220.21 52.6952732307139 5.89943
4268.8 52.6019060188467 5.7907
4317.95 52.5023836478407 5.68325
4367.67 52.3962477307655 5.57726
4417.96 52.282876774324 5.47243
4468.82 52.1614518964556 5.36892
4520.28 52.0311198228075 5.26669
4572.32 51.8909208691086 5.1657
4624.97 51.7395643897052 5.06597
4678.22 51.5756544063806 4.96749
4732.09 51.3973927386011 4.87027
4786.58 51.2025952771064 4.77422
4841.69 50.988442251068 4.67933
4897.44 50.7513872515148 4.58572
4953.83 50.4867100308235 4.49306
5010.87 50.1879308893501 4.4016
5068.57 49.8470858562793 4.31124
5126.93 49.4477671796333 4.22199
5185.97 48.9715615349046 4.13387
5245.68 48.3834056528009 4.04688
5306.09 47.6764407909649 3.96095
5367.19 46.5824264598556 3.87616
5428.99 44.6998005380452 3.79218
5484.91 28.0366819990631 3.71856
5485.11 28.3558286371826 11.5446
5491.5 39.3685365487362 11.5202
5554.74 45.2367835196178 11.2831
5618.7 46.7186433524653 11.051
5683.4 47.4038627427542 10.8237
5748.85 47.7129401284728 10.601
5815.05 47.5861896355387 10.383
5882.01 45.6974541581333 10.1694
5892.81 39.6448617394874 10.1356
5893.01 39.8012638375562 13.9402
5949.74 48.100048241017 13.7091
6018.26 49.3576883909886 13.4381
6087.56 50.0025733314578 13.1723
6157.66 50.4060075703833 12.9118
6228.57 50.4425903047507 12.6563
6268.51 47.0002396397046 12.5159
6268.71 47.0763853640411 14.3556
6300.3 50.7976581679808 14.2496
6372.85 51.8382390566138 14.011
6446.24 52.6248129190787 13.7754
6520.47 53.1779240402467 13.5425
6595.56 53.6621753476705 13.3125
6671.51 54.0465198118251 13.0852
6748.34 54.4231298310139 12.8608
6826.05 54.7575327732253 12.6394
6904.66 55.0623427543687 12.4208
6984.18 55.3421102701494 12.2053
7064.61 55.6001541889982 11.9925
7145.97 55.8390445897915 11.7827
7228.26 56.0610223319027 11.5758
7311.5 56.2676403598773 11.3715
7395.7 56.4602513285673 11.1702
7480.87 56.640283757826 10.9719
7567.03 56.8088213028782 10.7764
7654.17 56.9667184941102 10.5838
7742.32 57.1148173553526 10.394
7831.49 57.2538157826617 10.207
7921.68 57.3843143535658 10.0228
8012.91 57.506904669669 9.84142
8105.19 57.6221783226505 9.66284
8198.53 57.7304805357613 9.48685
8292.95 57.8322536613724 9.31375
8388.46 57.92799952167 9.14331
8485.07 58.0179809944556 8.97552
8582.79 58.1025456087212 8.81044
8681.64 58.1820804946338 8.648
8781.62 58.2567631143236 8.48801
8882.76 58.326775257799 8.3306
8985.06 58.3923987243514 8.17581
9088.54 58.453925095647 8.02363
9193.21 58.5116155376643 7.874
9299.09 58.5656878781856 7.72681
9406.19 58.616231748414 7.58198
9514.52 58.6633626615163 7.43954
9624.1 58.7073162306044 7.29968
9734.94 58.748366753308 7.16213
9847.06 58.7865368492869 7.02685
9960.47 58.8219538301241 6.89391
10075.21 58.8548154286287 6.76325
10191.21 58.8851775391443 6.63484
10308.61 58.9132160025285 6.50865
10427.31 58.9389943039067 6.38465
10547.41 58.9626414616942 6.26282
10668.91 58.9842726147537 6.14312
10791.81 59.0040150567538 6.02553
10916.11 59.0218956645242 5.91002
11041.81 59.0380283318815 5.79656
11169.01 59.0525027151258 5.68511
11297.61 59.0653811951195 5.57566
11427.71 59.0767489534336 5.46816
11559.31 59.0866515180534 5.3626
11692.51 59.0952240014331 5.25894
11827.21 59.1025140010059 5.15716
11963.41 59.1085864098459 5.05723
12101.21 59.1134749521955 4.95911
12240.51 59.117222443308 4.86279
12381.51 59.1198862220095 4.76823
12524.11 59.1215826416351 4.67541
12668.41 59.1223239260911 4.5843
12814.31 59.1221841594604 4.49487
12961.91 59.1211890537643 4.40709
13111.21 59.1193590914272 4.32095
13262.21 59.1167914877759 4.2364
13414.91 59.1134634332763 4.15344
13569.51 59.1094873731075 4.07202
13725.71 59.1048669577078 3.99213
13883.81 59.099595396231 3.91374
14043.81 59.0937949462352 3.83683
14205.51 59.0874801405929 3.76136
14369.11 59.0806158456839 3.68733
14534.61 59.0733117343629 3.61469
14702.01 59.0655368778575 3.54343
14871.41 59.0573628788711 3.47353
15042.71 59.0488483357745 3.40496
15215.91 59.0399512007404 3.3377
15391.21 59.0307225490819 3.27172
15568.51 59.0212076748347 3.207
15747.81 59.0114033187372 3.14353
15929.21 59.0013652815242 3.08128
16112.71 58.9910981825026 3.02022
16298.31 58.9806167643612 2.96034
16486.01 58.9699664159017 2.90162
16675.91 58.9591459468816 2.84404
16868.01 58.948195996417 2.78756
17062.21 58.9371177556403 2.73219
17258.81 58.9259316147369 2.67788
17457.61 58.914681482887 2.62464
17658.61 58.9033639207823 2.57243
17862.11 58.8919984128969 2.52124
18067.81 58.8806308494975 2.47104
18275.91 58.8692314305438 2.42183
18486.41 58.8578521496612 2.37358
18699.41 58.8465134471679 2.32628
18914.71 58.8352168964537 2.2799
19132.61 58.8239838632642 2.23444
19353.01 58.8128418369443 2.18986
19575.91 58.8018004908813 2.14617
19801.41 58.79087823162 2.10333
20029.51 58.7801065229443 2.06134
20260.21 58.7694843665 2.02018
20493.61 58.7590568245861 1.97983
20729.61 58.7488239884133 1.94027
20968.41 58.7388052689503 1.9015
21209.91 58.7290406116867 1.8635
21454.21 58.719542034932 1.82625
21701.41 58.710345483577 1.78974
21951.31 58.7014773013781 1.75395
22204.21 58.6929583336295 1.71888
22459.91 58.6848385355151 1.6845
22718.61 58.6771301034442 1.6508
22980.31 58.6698889387874 1.61778
23245.01 58.6631637775487 1.58541
23512.81 58.6569957825602 1.55369
23783.61 58.6514544831865 1.5226
24057.61 58.6465926638505 1.49213
24334.71 58.642498958088 1.46227
24615.01 58.6392499361594 1.433
24898.61 58.6369556934145 1.40432
25185.41 58.6357554455445 1.37622
25475.51 58.6357872516579 1.34867
25768.91 58.6372339569498 1.32168
26065.71 58.640334445757 1.29523
26366.01 58.6453792434195 1.2693
26669.71 58.6527512551203 1.2439
26976.91 58.6629443309917 1.219
27287.61 58.6766404093634 1.19461
27602.01 58.6948134672004 1.1707
27919.91 58.7190973053305 1.14727
28241.51 58.7516489703001 1.12432
28566.81 58.7964157786975 1.10182
28895.91 58.8542693616792 1.07978
29228.71 58.948727063697 1.05818
29565.41 59.1203880657875 1.03701
29906.01 59.8553727168103 1.01627
30002.31 59.8420573758713 1.01052
