8.1 1.12153775121918 1.8899
8.2617 1.16415034924253 1.92644
8.4261 1.93144030437955 1.96368
8.5931 2.22086445368604 2.00165
8.7628 2.40526206283636 2.04035
8.9353 2.54076744985714 2.0798
9.1106 2.64812106058189 2.12001
9.2886 2.73736355531249 2.161
9.4696 2.81429261714348 2.20278
9.6535 2.882351836859 2.24537
9.8404 2.94397151519 2.28879
10.0303 3.00115727437387 2.33304
10.2232 3.0544218921267 2.37676
10.4193 3.10416526197065 2.4213
10.6186 3.15137976656126 2.46667
10.821 3.19667912023466 2.51289
11.0268 3.24060993241707 2.55998
11.2359 3.28353180265935 2.60796
11.4483 3.32580282247273 2.65683
11.6642 3.36775351696468 2.70662
11.8836 3.40964445381916 2.75734
12.1066 3.45173008776833 2.80901
12.3331 3.49423927975917 2.86165
12.5633 3.53745302636987 2.91527
12.7973 3.58160907973037 2.96991
13.035 3.62694401681964 3.02556
13.2765 3.67376669887588 3.08226
13.522 3.72242690380517 3.14002
13.7714 3.77329527403042 3.19886
14.0249 3.82693009945816 3.2588
14.2825 3.88413996273421 3.31987
14.5442 3.9469922139865 3.38209
14.8102 4.01842820658659 3.44217
15.0805 4.09056602393407 3.48884
15.3551 4.15874352265558 3.53615
15.6342 4.22715086394038 3.58409
15.9178 4.2970946182477 3.63268
16.206 4.36966876675519 3.68194
16.4989 4.44618172384113 3.73186
16.7964 4.52884283020481 3.78246
17.0988 4.62697156122899 3.83374
17.4061 4.72788642759641 3.85544
17.7184 4.81737218545566 3.87253
18.0357 4.90148054879271 3.8897
18.3582 4.98343279049395 3.90694
18.6858 5.06461266891073 3.92427
19.0188 5.14612184251864 3.94166
19.3571 5.22898457647528 3.95914
19.7009 5.31462006061193 3.97669
20.0503 5.40541062317551 3.99432
20.4053 5.51085105539902 4.01203
20.7661 5.62159633045496 4.0003
21.1327 5.71830215946806 3.97304
21.5053 5.80265224433311 3.94596
21.8838 5.88074851724317 3.91906
22.2685 5.95468477933226 3.89235
22.6594 6.02585594762136 3.86582
23.0566 6.09569849105111 3.83947
23.4603 6.16712202700386 3.8133
23.8705 6.24499738713041 3.78323
24.2873 6.3165842837809 3.72987
24.7109 6.37349731207257 3.67726
25.1413 6.42253008343152 3.62539
25.5786 6.4653524581654 3.57425
26.0231 6.50279274459799 3.52383
26.4747 6.53535513206543 3.47413
26.9337 6.56327960702385 3.42513
27.4 6.58673860254083 3.37693
27.8739 6.60610067809586 3.32983
28.3555 6.62164121703407 3.28339
28.8449 6.63320279611202 3.23759
29.3421 6.64076769139414 3.19243
29.8475 6.64423918673353 3.14791
30.3609 6.64352245902471 3.104
30.8827 6.6382753315032 3.0607
31.413 6.62793502619699 3.01801
31.9518 6.61150461453683 2.9769
32.4993 6.59156699449216 2.94108
33.0557 6.56958774500038 2.90568
33.6211 6.54415863462973 2.87072
34.1956 6.51496525233391 2.83618
34.7794 6.4823020790816 2.80205
35.3727 6.45065854689155 2.76833
35.9755 6.4105513586388 2.71646
36.5882 6.35250198697116 2.66435
37.2107 6.27997031463612 2.61324
37.8432 6.19279261825494 2.56311
38.4861 6.08903627137983 2.51394
39.1393 5.96582706998778 2.46597
39.8031 5.82066705570212 2.4214
40.4776 5.64862319747294 2.37764
41.163 5.43724913814968 2.33467
41.8595 5.16433355368768 2.30245
42.5673 4.85190968951783 2.33906
43.2865 4.50089688413534 2.37625
44.0174 3.99339361199639 2.41403
44.76 3.39493306126461 2.7447
45.5147 2.86483313549897 3.25644
46.2816 2.37544189418659 3.86359
47.0609 1.72052596339781 4.58393
47.8528 1.27318085959833 6.20992
48.6576 2.0784631651086 8.3674
49.4753 3.43825660719836 8.94377
50.3062 4.57988176369453 9.43837
51.1506 5.65981842830969 9.46
52.0087 6.57341623908767 9.3757
52.8806 7.31575514331023 9.05133
53.7667 7.85378507942581 8.73819
54.667 8.28228196520981 8.43393
55.582 8.62971050949908 8.1393
56.5117 8.91034832419432 7.85497
57.4564 9.12431052798649 7.58057
58.4165 9.28862443490291 7.35293
59.3921 9.44046226234884 7.16484
60.3834 9.58649461314675 6.98157
61.3908 9.7184236883109 6.80299
62.4145 9.83458762863384 6.62897
63.4547 9.9345720122179 6.4594
64.5118 10.0135916816034 6.29418
65.5859 10.077958133583 6.14892
66.6775 10.138023566609 6.01221
67.7867 10.1907871026155 5.87852
68.9138 10.2329676370589 5.74781
70.0591 10.2616296023342 5.62
71.223 10.2666627105754 5.49504
72.4057 10.2543947093936 5.40548
73.6076 10.2521842822356 5.34635
74.8289 10.2639272531386 5.28786
76.0699 10.278393869688 5.23001
77.331 10.2919202356175 5.1728
78.6125 10.2999272583486 5.1162
79.9147 10.2999788614399 5.06786
81.238 10.3024377273522 5.03821
82.5827 10.3144018100218 5.00872
83.9491 10.3277928784947 4.9794
85.3377 10.3414753297528 4.95026
86.7487 10.3541950394786 4.92129
88.1825 10.3647937961825 4.89248
89.6395 10.3719457780876 4.86385
91.1201 10.3737415481816 4.83538
92.6246 10.3656592382396 4.80708
94.1535 10.3330147150877 4.77895
95.7071 10.2989968297169 4.80833
97.2858 10.2909516605276 4.84354
98.89 10.2956545159078 4.87899
100.52 10.3082156762043 4.91472
102.177 10.3267158693919 4.9507
103.86 10.3500089781849 4.98695
105.571 10.3773915443782 5.02345
107.309 10.4069657311604 5.06023
109.075 10.4403503374806 5.09728
110.87 10.4768643185837 5.13662
112.694 10.5174189721812 5.17671
114.548 10.5616109367267 5.21712
116.431 10.6091735783084 5.25785
118.345 10.6600915786665 5.29889
120.29 10.7144338133551 5.34025
122.266 10.7724051689241 5.38194
124.275 10.8344784241159 5.42395
126.315 10.9019056199432 5.46629
128.389 10.9766634075873 5.5066
130.497 11.0532680246478 5.53684
132.638 11.1279482972635 5.56727
134.814 11.203905819232 5.59785
137.025 11.2821695001096 5.6286
139.272 11.3635509411309 5.65952
141.556 11.4492029619171 5.69061
143.876 11.541001727344 5.72187
146.234 11.6459474932168 5.75331
148.63 11.761451477417 5.76483
151.064 11.8686807468805 5.75371
153.539 11.9632819996817 5.74262
156.053 12.0525516718989 5.73156
158.607 12.1384285565111 5.72051
161.203 12.2219488160003 5.70948
163.842 12.3038081589814 5.69848
166.522 12.3844443949922 5.6875
169.246 12.4644353080979 5.67653
172.015 12.5447278967302 5.66559
174.827 12.6257673390706 5.65301
177.686 12.7053199442786 5.63644
180.591 12.7822127230381 5.61993
183.542 12.8577331232684 5.60345
186.542 12.932374761007 5.58703
189.589 13.0064236910584 5.57066
192.687 13.0802073338411 5.55434
195.834 13.1543684392085 5.53806
199.032 13.2285132566501 5.52017
202.282 13.3017810045874 5.50172
205.585 13.3745836753017 5.48333
208.94 13.447299887878 5.465
212.351 13.520355427203 5.44674
215.816 13.5940069100729 5.42853
219.337 13.6686707046752 5.41039
222.916 13.7449176568268 5.3923
226.552 13.8235067050617 5.37429
230.247 13.9056932058359 5.35632
234.002 13.9940840173566 5.33842
237.817 14.0995065643687 5.32057
241.695 14.2113573923918 5.26706
245.635 14.3050127245291 5.19443
249.638 14.3818331920759 5.1228
253.707 14.4496615303421 5.05216
257.841 14.5107778803227 4.98249
262.042 14.5664220507661 4.91378
266.311 14.6174587789666 4.84602
270.649 14.6644909988535 4.7792
275.057 14.708028400176 4.71329
279.537 14.7486104295415 4.6483
284.089 14.7869445711161 4.5842
288.715 14.8254500047349 4.52098
293.415 14.8614237630522 4.45086
298.192 14.8903737393697 4.37922
303.045 14.9134521397163 4.30873
307.978 14.9319933675842 4.23938
312.99 14.9464332657025 4.17114
318.083 14.9570221888087 4.104
323.258 14.9639199421986 4.03795
328.518 14.9672526119002 3.97296
333.862 14.9670706055598 3.90901
339.292 14.9634070928878 3.84609
344.811 14.9563000334019 3.78419
350.419 14.9458551142236 3.72328
356.117 14.9318890166674 3.66298
361.908 14.9141284834639 3.6035
367.792 14.892546016628 3.54499
373.772 14.8671241456654 3.48742
379.848 14.837812737007 3.4308
386.022 14.8045290431458 3.37508
392.297 14.7672012619367 3.32028
398.673 14.7258453504759 3.26636
405.152 14.6806106375676 3.21332
411.735 14.6327424118397 3.16114
418.426 14.5824762128605 3.10587
425.224 14.5235784069302 3.04259
432.132 14.4527188104418 2.98059
439.152 14.372196109524 2.91986
446.286 14.2820441860572 2.86037
453.535 14.1818164356223 2.80209
460.902 14.0707226117645 2.745
468.387 13.9475972562855 2.68907
475.994 13.8097550270319 2.63428
483.723 13.657594185785 2.586
491.578 13.4932831542672 2.54166
499.559 13.3146961017702 2.49807
507.67 13.1181673003034 2.45524
515.912 12.9003766675637 2.41314
524.287 12.6573097450216 2.37176
532.798 12.3836473434991 2.33115
541.446 12.0739865933528 2.29292
550.234 11.7211372227026 2.25534
559.165 11.3123284343814 2.21646
568.239 10.8301643600105 2.17739
577.461 10.2500168903172 2.13934
586.832 9.52744999121989 2.10212
596.354 8.60565197526339 2.06565
606.03 7.35328209998576 2.02981
615.863 5.47472068816575 1.9946
625.855 2.10494977760423 1.95999
630.1 -0.492483576742352 1.8868
631.1 -1.3527690202858 1.7882
632.1 -2.37213960392729 1.74582000000001
633.1 -3.6572149107889 1.58088
634.1 -5.31836969469085 1.55232
635.1 -7.30980961352975 1.6867
636.1 -9.7236833903918 1.8338
636.3 -10.2747464288563 1.77399999999998
636.5 -10.9768372068528 1.65760000000003
636.7 -11.8033905376476 1.6651
636.9 -12.6106767259412 1.79439999999996
637.1 -13.4097741263903 1.85130000000002
637.3 -14.3020151901681 1.856
637.5 -15.3230567223366 1.85260000000005
637.7 -16.48314027218 1.86229999999998
637.9 -17.7880803361081 1.89020000000006
638.1 -19.2892911624671 1.89160000000017
638.2 -20.0920009669553 1.8992
638.3 -21.0920632154556 1.71339999999951
638.4 -22.3642204915343 1.67920000000047
638.5 -23.7980347309145 1.85180000000062
638.6 -25.2295335795435 2.30860000000033
638.7 -26.5412686119716 2.8418
638.8 -28.117349486929 3.10079999999865
638.9 -29.9844840554945 3.82380000000058
639 -31.6438911123505 4.97939999999996
639.1 -33.4271884880493 5.74019999999993
639.2 -36.1039114349443 6.6108
639.3 -39.0795983668208 9.12779999999893
639.4 -41.1239306155505 13.018000000001
639.5 -41.5843967476417 17.370400000001
639.6 -40.8129241958518 20.8200000000016
639.7 -40.5098663698157 22.736
639.8 -40.3040484742014 25.8583999999963
639.9 -39.2595127925893 28.8452000000032
640 -37.3513982168512 31.4082000000016
640.1 -35.6374106781719 32.2195999999999
640.2 -34.8987148684992 32.7342
640.3 -34.9070208621925 33.4478000000032
640.4 -35.4605875921739 34.654599999997
640.5 -36.3636970260037 36.6615999999979
640.6 -36.7755234593051 40.1137999999987
640.7 -35.6583042923037 44.3116
640.8 -32.981916687297 47.7834000000007
640.9 -29.6520575544928 49.6237999999995
641 -27.3563496123617 49.5560000000002
641.1 -26.812984764794 49.7156000000005
641.2 -26.6080654859373 51.735
641.3 -25.3840754137602 54.6672000000002
641.4 -23.0099028525352 57.3743999999995
641.5 -20.4931576352903 58.9669999999997
641.6 -18.1331774315055 60.7303999999988
641.7 -15.4763283881821 62.5914
641.8 -12.5289227741086 64.2880000000008
641.9 -8.99160254706853 66.1455999999996
642 -4.69684335514439 67.4317999999994
642.1 0.113966039731407 67.8205999999995
642.2 4.80471606509177 66.864
642.3 9.03493564006785 65.1916000000003
642.4 12.4883857039272 62.6573999999997
642.5 15.0682456693552 60.0707999999999
642.6 17.0918017343719 57.6305999999999
642.7 18.6746440249107 55.2974
642.8 20.1083854794526 53.3349999999999
642.9 21.4926036212663 51.2756
643 22.664226667461 49.1162000000002
643.1 23.4757903132336 46.8824000000001
643.2 24.0200547219624 44.884
643.3 24.428083668038 43.0897999999999
643.4 24.6165037179624 41.2879999999999
643.5 24.7488922903123 39.9201999999998
643.6 24.9276548465147 38.5739999999999
643.7 25.1619330063089 37.3972
643.8 25.4666376344058 36.1686000000002
643.9 25.7697584094189 34.8919999999999
644 25.9923394674405 33.5108799999999
644.1 26.0179387995503 32.08664
644.35 25.7089093635371 29.0011599999999
644.6 25.1561885935258 26.4743199999999
644.85 24.5449958557515 24.21916
645.1 23.7325979304264 22.07712
645.35 22.7054205399903 20.3166
645.6 21.7464862313157 19.02136
645.85 20.9278911771927 17.7998
646.1 20.1190228204306 16.6488
646.35 19.217834922822 15.5266
646.6 18.2925378257886 14.67248
646.85 17.4935369832684 13.91892
647.1 16.693842832547 13.03728
647.35 15.6299664937709 12.1134
647.6 14.4996805654857 11.6532
647.85 13.5369392219368 11.27572
648.1 12.6600446292257 10.8688
648.35 11.6920859179828 10.31428
648.6 10.5340412405672 9.80448000000002
648.85 9.18649677983121 9.53452
649.1 7.86763910221697 9.47376000000001
649.35 6.47911629777399 9.33092000000005
649.6 4.81295747116799 9.24960000000018
649.7 4.06821349106878 9.3006
649.8 3.20107541924424 9.27119999999963
649.9 2.24793395868001 9.43920000000037
650 1.09614053541498 9.54920000000039
650.1 -0.192477026562656 10.1142000000003
650.2 -1.28281410264617 11.0366
650.3 -2.13497731084984 12.0256
650.4 -2.90669067905388 12.9746
650.5 -3.63697524114484 14.0284
650.6 -4.35353854437013 15.1256
650.7 -5.07148683265996 16.407
650.8 -5.71756049735318 17.9502
650.9 -6.05499762504234 19.8804000000001
651 -5.97470621679595 21.9005999999999
651.1 -5.34324033042672 24.055
651.2 -4.05625836225362 25.9368
651.3 -2.39169733792194 27.1268
651.4 -0.790984278850575 27.5882000000001
651.5 0.487841945146995 27.5884
651.6 1.2830685342239 27.2936000000001
651.7 1.64399263937259 27.1158
651.8 1.72463951947446 27.1233999999998
651.9 1.65910178514294 27.4276000000003
652 1.63458213938939 28.0480000000001
652.1 1.78215264694172 28.8590000000002
652.2 2.08212511735898 29.699
652.3 2.47803949153404 30.5677999999999
652.4 2.90426091675584 31.4582000000001
652.5 3.40555078635456 32.5525999999999
652.6 4.25902638495981 33.9233999999998
652.7 5.51704694493497 35.1772
652.8 7.24812970383992 36.3752000000003
652.9 9.39614371817615 37.0303999999997
653 11.5272011445206 36.9481999999997
653.1 13.3029879572862 36.4087999999997
653.2 14.7104927449592 35.7632
653.3 15.8176729093616 35.1208000000002
653.4 16.8665851771809 34.7215999999999
653.5 17.9347990048296 34.2411999999999
653.6 18.9768399954659 33.7751999999999
653.7 20.0854147286894 33.3142
653.8 21.2991751188443 32.7300000000001
653.9 22.4171534457764 31.8245999999999
654 23.4122392564499 30.9167999999999
654.1 24.3262440392635 29.8619999999999
654.2 25.0800389622987 28.6948
654.3 25.6416086465921 27.4888000000001
654.4 26.038172713336 26.3312
654.5 26.3499322656292 25.2699999999998
654.6 26.7110665023282 24.2893999999999
654.7 27.0573359674925 23.1206
654.8 27.189103920952 21.8152
654.9 27.1467773715256 20.6133999999999
655 26.9441321041387 19.39192
655.1 26.5177883354626 18.27456
655.35 25.3697367602064 16.25796
655.6 24.1631907308119 14.81928
655.85 23.05440590176 13.80356
656.1 22.0622953882996 12.98032
656.35 21.0307168712242 12.25556
656.6 20.0897853516271 11.94536
656.85 19.3630305696255 11.68196
657.1 18.6849770338476 11.39496
657.35 18.0155215959794 11.22132
657.6 17.3950738025628 11.16048
657.85 16.9594547990198 11.23444
658.1 16.591154117038 11.14016
658.35 16.2805014083197 11.18156
658.6 16.0259668858931 11.07232
658.85 15.7244028967584 10.9762
659.1 15.4133074995923 10.91984
659.6 14.9077996349784 10.92276
660.1 14.5551658973599 10.9226
660.6 14.2174081394077 10.79256
661.1 13.9069211436714 10.77908
661.6 13.6365705686516 10.65588
662.1 13.3031803486875 10.54132
662.6 13.0256503460131 10.55288
663.1 12.7321677540513 10.40364
663.6 12.4073339334344 10.42424
664.1 12.1402372612068 10.41684
664.6 11.8881776099305 10.41268
665.1 11.5441371789925 10.316672
670.1 9.9173788020333 11.858384
675.1 9.5919362049317 12.983544
680.1 9.92853660856065 14.336456
685.1 10.9206185525501 15.16916
689.293 11.8232210352183 15.1512
700.472 13.1740509127675 14.8725
711.833 14.0789311390539 14.587
723.377 14.7822231735257 14.2976
735.108 15.219569382821 13.967
747.028 15.4720310734483 13.9671
759.142 15.9122991863972 14.2068
771.451 16.6195922470381 14.4506
783.959 17.4655812414375 14.3998
796.67 18.2022103930178 14.105
809.586 18.7780359583616 13.7795
822.711 19.2593599882011 13.4617
836.049 19.674429684501 13.1513
849.602 20.0387307742713 12.861
863.374 20.3693951737561 12.5903
877.369 20.6796423288233 12.3369
891.591 20.9743893647425 12.0887
906.043 21.2529492793221 11.8456
920.728 21.5194289551116 11.6073
935.651 21.771295059335 11.3636
950.815 22.0048488795597 11.1225
966.224 22.2222608983495 10.8843
981.883 22.425480206172 10.6513
997.795 22.6168836983009 10.4227
1013.96 22.7986329481392 10.1985
1030.39 22.9708385427127 9.97462
1047.09 23.1320228371912 9.75224
1064.06 23.2812075136328 9.5312
1081.3 23.4186775139125 9.31505
1098.82 23.5465018302153 9.10383
1116.62 23.6657034597338 8.89743
1134.71 23.7771529923698 8.69577
1153.1 23.8816221756802 8.49864
1171.78 23.9795680589148 8.30594
1190.76 24.0715409720935 8.11769
1210.05 24.1582640945789 7.9337
1229.65 24.2407106662272 7.75385
1249.57 24.3190213833283 7.57626
1269.82 24.392592193443 7.40089
1290.39 24.460361267986 7.22735
1311.29 24.5222807753673 7.05785
1332.53 24.5794892720359 6.89231
1354.11 24.6325150568085 6.73065
1376.04 24.6817286833887 6.57273
1398.33 24.7275414990858 6.41852
1420.98 24.7703617207119 6.26798
1443.99 24.8107685083469 6.12099
1467.38 24.8492263733995 5.97676
1491.14 24.8862805658591 5.83489
1515.29 24.9200700039363 5.69216
1539.83 24.949020540766 5.55236
1564.77 24.9743939606169 5.41601
1590.11 24.9969347041686 5.28314
1615.86 25.0171127595577 5.15347
1642.02 25.0350337266385 5.02684
1668.61 25.0510380926108 4.90343
1695.63 25.0656491980428 4.7831
1723.09 25.0801251533172 4.66575
1750.99 25.0932646980488 4.54758
1779.34 25.1032090788573 4.43117
1808.15 25.1102288558443 4.31685
1837.42 25.114636972741 4.20548
1867.17 25.1170203520673 4.09702
1897.4 25.1177512467798 3.99146
1928.12 25.1170398837086 3.88854
1959.34 25.1149669960711 3.78823
1991.06 25.1113254969279 3.69045
2023.3 25.1080169624649 3.59707
2056.05 25.1045709572982 3.50268
2089.34 25.0989589483087 3.41037
2123.16 25.0918441362549 3.32011
2157.53 25.0834779738105 3.23221
2192.46 25.0741528620772 3.1464
2227.95 25.0638257785142 3.06252
2264.02 25.0524995910232 2.9807
2300.67 25.040302084943 2.90088
2337.91 25.0272806761105 2.82302
2375.76 25.0134702747704 2.74705
2414.21 24.9989304616006 2.673
2453.29 24.9836890535227 2.60077
2493 24.967797288297 2.53038
2533.36 24.9513060306099 2.46175
2574.36 24.93422967269 2.39486
2616.03 24.9166048659347 2.32969
2658.37 24.898458275908 2.26618
2701.4 24.8798281709334 2.20433
2745.13 24.860743557321 2.14406
2789.56 24.841219479338 2.08536
2834.71 24.8212648908289 2.0282
2880.59 24.8009227200719 1.97256
2927.21 24.7802064891428 1.91837
2974.58 24.7591173950867 1.86562
3022.73 24.737678649622 1.81427
3071.65 24.7158933207088 1.76427
3121.36 24.6937630431032 1.71563
3171.88 24.6713030837011 1.66829
3223.21 24.6485203101301 1.62224
3275.37 24.6254141092654 1.57744
3328.38 24.6019818783717 1.53385
3382.25 24.5782351135715 1.49147
3436.98 24.5541647845725 1.45022
3492.6 24.5297413242178 1.41011
3549.12 24.5049664683098 1.3711
3606.56 24.4798175567771 1.33316
3664.92 24.4542805462965 1.29628
3724.23 24.4283483950739 1.26044
3784.5 24.4019880405938 1.22557
3845.74 24.3751582977138 1.19169
3907.97 24.3478555272987 1.15878
3971.21 24.3200352396083 1.12676
4035.48 24.2916143033383 1.09562
4100.78 24.2625733459378 1.0654
4167.13 24.2328609393407 1.03601
4234.56 24.2023986606693 1.00747
4303.08 24.1711235192139 0.979721
4372.72 24.1389145884807 0.952745
4443.47 24.1057130568824 0.926585
4515.37 24.0714138914456 0.901138
4588.43 24.0358552182425 0.876412
4662.68 23.9988924425222 0.852412
4738.13 23.9603665948385 0.829086
4814.79 23.9200749945301 0.806453
4892.7 23.8777693428527 0.784456
4971.87 23.8331909975779 0.763123
5052.31 23.7859836323117 0.742345
5134.06 23.7357163662469 0.722213
5217.13 23.6819312817411 0.702659
5301.54 23.6240056028586 0.683674
5387.32 23.5611676620367 0.665236
5474.49 23.4924431385848 0.647339
5563.07 23.4165564339119 0.629964
5653.08 23.3318204926584 0.613093
5744.54 23.2359324871024 0.596717
5837.49 23.125594341754 0.580824
5931.93 22.9960857772022 0.565389
6027.91 22.8395458539409 0.550414
6125.43 22.6422719748216 0.535881
6224.54 22.3760348300292 0.521775
6325.25 22.0219723547233 0.508081
6427.58 21.3684342735474 0.494788
6531.58 18.2270859204834 0.481891
6537 13.5012739356684 0.481234
6537.2 13.6397692090951 3.8759
6637.25 21.4557028181359 3.7917
6744.64 22.2998797557154 3.70472
6853.75 22.7748269584023 3.61897
6964.64 23.146117568423 3.53438
7077.32 23.4301556649817 3.45107
7191.82 23.6613045011454 3.36899
7308.17 23.8541881791812 3.28831
7426.41 24.0208267556941 3.20892
7546.55 24.1663802943334 3.13076
7668.64 24.2949680085498 3.05404
7792.71 24.4096409741552 2.97871
7918.78 24.5125770745471 2.90471
8046.89 24.6054250929073 2.83205
8177.08 24.6895583419947 2.76082
8309.36 24.766048411446 2.69094
8443.79 24.8358129126719 2.62248
8580.39 24.8995742651869 2.55531
8719.21 24.9578870087493 2.48948
8860.26 25.0112804595045 2.42505
9003.6 25.0602865559089 2.36203
9149.26 25.1053170757519 2.30031
9297.27 25.1466409696502 2.23986
9447.68 25.1845676163371 2.18076
9600.52 25.2193727342082 2.12295
9755.83 25.2513699990414 2.06653
9913.65 25.28074151651 2.01123
10074 25.3076034226335 1.95725
10237 25.3322293810363 1.90452
10402.6 25.3547573757747 1.853
10570.9 25.3753283897492 1.80269
10741.9 25.3940789371717 1.75357
10915.7 25.4111481885065 1.70562
11092.3 25.426642258747 1.65882
11271.7 25.4406694512571 1.61315
11454 25.4533106856244 1.56859
11639.3 25.4646765393724 1.52512
11827.6 25.4748520341894 1.48273
12018.9 25.4839076788995 1.44138
12213.4 25.4919330138695 1.40108
12410.9 25.4989818905069 1.36178
12611.7 25.5051186051034 1.32349
12815.7 25.5104133575234 1.28616
13023.1 25.5149289400016 1.2498
13233.7 25.5187060620009 1.21436
13447.8 25.5217944663007 1.17985
13665.3 25.5242434817889 1.14623
13886.4 25.5261014205853 1.11349
14111 25.5274061985843 1.08161
14339.3 25.5282038237758 1.05057
14571.2 25.5285243600933 1.02036
14807 25.5284108125777 0.990942
15046.5 25.5278903184833 0.962313
15289.9 25.5269960358526 0.934454
15537.2 25.5257553613905 0.907344
15788.5 25.5242051313806 0.880966
16043.9 25.5223586880733 0.855305
16303.5 25.5202557716974 0.830341
16567.2 25.5179206643767 0.80606
16835.2 25.5153665844462 0.782444
17107.5 25.5126220499753 0.759478
17384.2 25.5097097818019 0.737146
17665.5 25.5066486387188 0.715431
17951.2 25.5034591031137 0.69432
18241.6 25.5001597865231 0.673796
18536.7 25.4967773871389 0.653846
18836.5 25.4933173240648 0.634455
19141.2 25.4898007322893 0.615608
19450.8 25.486254977501 0.597292
19765.5 25.4826854960509 0.579493
20085.2 25.4791245670176 0.562198
20410.1 25.4755814483692 0.545393
20740.2 25.4720747242441 0.529067
21075.7 25.4686308900245 0.513206
21416.6 25.4652638904415 0.497799
21763.1 25.4619956118774 0.482833
22115.1 25.4588564900055 0.468296
22472.8 25.4558713524638 0.454179
22836.3 25.4530661872998 0.440468
23205.7 25.4504760075573 0.427153
23581.1 25.4481376311991 0.414224
23962.5 25.4461060237429 0.40167
24350.1 25.444432112783 0.389481
24744 25.4431876480291 0.377647
25144.3 25.4424620526777 0.366158
25551 25.4423685218928 0.355006
25964.3 25.4430581451414 0.34418
26384.2 25.4447360978674 0.333671
26811 25.4477090542876 0.323471
27244.7 25.452496363242 0.313572
27685.4 25.4598161119886 0.303965
28133.2 25.4710347354393 0.294641
28588.3 25.4890002287589 0.285593
29050.7 25.5214573817878 0.276814
29520.6 25.6240232106725 0.268295
29998.1 25.6094805263855 0.260029
